-1	2845	4055
-1	522	527
-1	3597	3584
-1	3585	3604
-1	3585	3584
-1	2860	2861
-1	2861	2860
-1	2861	2873
-1	2861	2875
-1	3584	3607
-1	3584	3604
-1	3584	3597
-1	522	531
-1	3584	3585
-1	522	533
-1	2873	2875
-1	2873	2890
-1	2873	2861
-1	2873	2845
-1	2875	2861
-1	2875	2873
-1	2875	2845
-1	522	535
-1	2890	2873
-1	2890	2845
-1	2900	2912
-1	2912	2900
-1	522	536
-1	522	543
-1	522	552
-1	522	553
-1	3512	3492
-1	522	560
-1	3494	3434
-1	3492	3512
-1	522	577
-1	522	578
-1	3014	3018
-1	3014	3025
-1	3014	3029
-1	522	579
-1	522	582
-1	3018	3014
-1	522	586
-1	3025	3014
-1	3029	3014
-1	522	602
-1	522	606
-1	522	609
-1	522	611
-1	522	614
-1	522	624
-1	522	635
-1	522	640
-1	523	522
-1	527	522
-1	531	640
-1	531	522
-1	531	560
-1	533	522
-1	535	522
-1	536	560
-1	536	522
-1	3048	3080
-1	3048	3086
-1	3048	3108
-1	3048	3056
-1	3048	3064
-1	3048	3066
-1	3439	3424
-1	543	522
-1	4744	4716
-1	552	522
-1	553	522
-1	560	522
-1	560	531
-1	3436	97
-1	3434	3415
-1	3056	3080
-1	3056	3108
-1	3056	3048
-1	3056	3064
-1	3056	3066
-1	3434	3494
-1	3434	3424
-1	560	536
-1	52	3400
-1	3063	3108
-1	3063	3064
-1	3064	3080
-1	3064	3048
-1	3064	3056
-1	3064	3063
-1	3064	3066
-1	3066	3080
-1	3066	3108
-1	3066	3048
-1	3066	3056
-1	3066	3064
-1	3424	3439
-1	3424	3434
-1	3080	3108
-1	3080	3048
-1	3080	3056
-1	3080	3064
-1	3080	3066
-1	72	4
-1	3086	3048
-1	577	522
-1	577	3937
-1	578	522
-1	3415	3434
-1	579	522
-1	579	602
-1	3400	52
-1	3399	4734
-1	582	522
-1	586	522
-1	3108	3080
-1	3108	3056
-1	3108	3048
-1	3108	3063
-1	3108	3066
-1	3362	3322
-1	3362	3353
-1	3362	3347
-1	3148	3192
-1	3148	3163
-1	3160	3170
-1	3163	3148
-1	3163	3192
-1	3353	3347
-1	3170	3160
-1	3353	3362
-1	3175	4820
-1	3175	4824
-1	3175	4833
-1	3175	4836
-1	3175	4838
-1	3175	4841
-1	3347	3322
-1	3192	3148
-1	3192	3163
-1	3347	3362
-1	3347	3353
-1	3263	3264
-1	3264	3263
-1	602	522
-1	602	579
-1	3322	3362
-1	3322	3347
-1	606	522
-1	606	4841
-1	609	4233
-1	609	522
-1	611	522
-1	614	522
-1	4734	3399
-1	4734	4716
-1	624	522
-1	4727	4716
-1	635	522
-1	640	522
-1	640	531
-1	4718	4716
-1	656	658
-1	656	663
-1	656	670
-1	656	680
-1	656	685
-1	656	687
-1	656	696
-1	656	698
-1	656	702
-1	656	707
-1	656	720
-1	656	725
-1	656	735
-1	656	744
-1	656	756
-1	656	759
-1	656	760
-1	656	763
-1	656	767
-1	656	785
-1	656	790
-1	656	793
-1	656	794
-1	656	795
-1	656	796
-1	656	804
-1	656	805
-1	656	806
-1	656	823
-1	658	656
-1	663	656
-1	663	343
-1	4716	4734
-1	670	656
-1	670	795
-1	680	656
-1	680	760
-1	680	823
-1	680	696
-1	680	383
-1	685	656
-1	685	756
-1	687	656
-1	4716	4727
-1	696	680
-1	696	656
-1	696	93
-1	698	656
-1	698	790
-1	698	735
-1	702	656
-1	4716	4718
-1	707	656
-1	720	656
-1	725	656
-1	725	756
-1	4716	4763
-1	4716	4760
-1	4716	4744
-1	93	696
-1	735	656
-1	735	698
-1	735	767
-1	93	343
-1	744	656
-1	756	656
-1	756	685
-1	756	725
-1	759	656
-1	760	656
-1	760	680
-1	4710	4700
-1	763	656
-1	767	656
-1	767	735
-1	4710	4709
-1	4709	4710
-1	4700	4710
-1	785	656
-1	790	656
-1	790	698
-1	793	656
-1	794	656
-1	795	656
-1	795	93
-1	795	670
-1	796	656
-1	804	656
-1	805	656
-1	805	806
-1	806	656
-1	806	805
-1	823	680
-1	823	656
-1	93	795
-1	95	97
-1	95	101
-1	864	868
-1	868	864
-1	95	110
-1	95	113
-1	95	116
-1	95	136
-1	95	138
-1	95	149
-1	934	1025
-1	934	1038
-1	934	1050
-1	934	1055
-1	934	1061
-1	934	943
-1	934	949
-1	934	980
-1	934	997
-1	934	1022
-1	943	934
-1	95	154
-1	949	934
-1	95	163
-1	95	165
-1	95	169
-1	980	934
-1	95	172
-1	95	176
-1	95	180
-1	997	934
-1	95	182
-1	95	183
-1	1022	934
-1	1025	934
-1	1038	934
-1	95	185
-1	95	193
-1	1050	934
-1	1055	934
-1	1061	934
-1	95	211
-1	4602	4580
-1	4602	4531
-1	4598	4531
-1	4598	4589
-1	4597	4531
-1	4595	4531
-1	4595	4563
-1	4591	2043
-1	4591	4531
-1	1080	3911
-1	4589	4598
-1	4589	4531
-1	4589	4580
-1	4587	4531
-1	4587	4545
-1	4580	4602
-1	4580	4535
-1	4580	4531
-1	4580	4589
-1	4580	4545
-1	95	218
-1	95	240
-1	4569	4531
-1	4569	4545
-1	97	3436
-1	4563	4595
-1	4563	4535
-1	4563	4531
-1	4562	4531
-1	4547	4535
-1	4547	4531
-1	4545	4569
-1	4545	4535
-1	4545	4532
-1	4545	4531
-1	1165	1211
-1	1165	1178
-1	97	95
-1	4545	4580
-1	4545	4587
-1	1178	1211
-1	1178	1165
-1	101	1431
-1	101	95
-1	110	240
-1	1211	1165
-1	1211	1178
-1	4535	4580
-1	4535	4563
-1	4535	4547
-1	4535	4545
-1	4535	4531
-1	4532	4531
-1	4532	4545
-1	4531	4602
-1	4531	4598
-1	4531	4597
-1	110	95
-1	4531	4595
-1	4531	4591
-1	4531	4589
-1	4531	4587
-1	4531	4580
-1	4531	4569
-1	4531	4563
-1	4531	4562
-1	4531	4547
-1	4531	4545
-1	4531	4535
-1	4531	4532
-1	1267	1308
-1	1275	1284
-1	1275	1293
-1	1284	1293
-1	1284	1275
-1	1284	1308
-1	113	95
-1	116	95
-1	1293	1284
-1	1293	1275
-1	1293	1308
-1	1308	1284
-1	1308	1293
-1	1308	1267
-1	1315	1932
-1	1320	1344
-1	1337	1339
-1	1339	1337
-1	1344	1320
-1	4	72
-1	136	95
-1	138	2031
-1	138	95
-1	149	95
-1	154	95
-1	4462	4440
-1	4462	4432
-1	4462	4422
-1	4449	4422
-1	1359	1447
-1	1359	1450
-1	1359	1380
-1	1359	1399
-1	1359	1402
-1	4440	4432
-1	4440	4462
-1	4440	4422
-1	4432	4440
-1	4432	4462
-1	4432	4422
-1	1364	1447
-1	1364	1399
-1	163	95
-1	165	95
-1	4422	4440
-1	1380	1933
-1	1380	1422
-1	1380	1447
-1	1380	1450
-1	1380	1359
-1	1380	1399
-1	1380	1402
-1	4422	4432
-1	4422	4462
-1	4422	4449
-1	4410	1447
-1	1399	1447
-1	1399	1450
-1	1399	1359
-1	1399	1364
-1	1399	1380
-1	1399	1402
-1	1402	1447
-1	1402	1450
-1	1402	1359
-1	1402	1380
-1	1402	1399
-1	169	218
-1	169	95
-1	172	95
-1	176	95
-1	180	95
-1	182	193
-1	182	185
-1	182	95
-1	1422	1380
-1	1422	1447
-1	1422	1450
-1	183	95
-1	185	193
-1	185	182
-1	4371	4328
-1	1431	101
-1	1431	1448
-1	185	4055
-1	185	95
-1	193	182
-1	193	185
-1	193	95
-1	4328	4371
-1	1447	1422
-1	1447	1450
-1	1447	4410
-1	1447	1359
-1	1447	1364
-1	1447	1380
-1	1447	1399
-1	1447	1402
-1	1448	1431
-1	1450	1422
-1	1450	1447
-1	1450	1359
-1	1450	1380
-1	1450	1399
-1	1450	1402
-1	1453	1933
-1	1509	1526
-1	4315	4035
-1	4305	3953
-1	1526	1509
-1	1532	41
-1	1534	1549
-1	1534	1552
-1	1534	1557
-1	1534	1560
-1	1534	1569
-1	1534	1571
-1	1534	1580
-1	1534	1586
-1	1534	1587
-1	1534	1595
-1	1534	1596
-1	1534	1600
-1	1534	1608
-1	1534	1611
-1	1534	1623
-1	1534	1637
-1	1534	1640
-1	1534	1645
-1	1534	1646
-1	1534	1653
-1	4288	3937
-1	1549	1586
-1	1549	1534
-1	4280	4005
-1	4280	3733
-1	1552	1560
-1	1552	1534
-1	4274	3995
-1	4274	4014
-1	4274	4010
-1	4274	3918
-1	4274	4043
-1	4274	4267
-1	4267	3995
-1	4267	4014
-1	1557	1586
-1	1557	1534
-1	1560	1552
-1	1560	1534
-1	211	95
-1	218	169
-1	218	95
-1	240	110
-1	240	95
-1	4267	3918
-1	4267	4274
-1	4267	4010
-1	1569	1586
-1	1569	1534
-1	1571	1534
-1	4888	4941
-1	247	267
-1	1580	1586
-1	1580	1534
-1	1586	1549
-1	1586	1557
-1	1586	1569
-1	1586	1580
-1	1586	1534
-1	1587	1534
-1	4253	3882
-1	4253	4160
-1	4244	3953
-1	4244	4193
-1	4244	2659
-1	1595	1534
-1	1596	1534
-1	1600	1534
-1	4233	609
-1	1608	1534
-1	1611	1534
-1	1623	1534
-1	1637	1534
-1	1640	1534
-1	1645	1534
-1	1646	1534
-1	1653	1534
-1	1668	1678
-1	1678	1668
-1	4193	4063
-1	4193	4244
-1	4193	3956
-1	4193	4097
-1	4160	4035
-1	4160	3882
-1	4160	4253
-1	4155	4063
-1	4153	2785
-1	1749	1774
-1	1760	1769
-1	1769	1760
-1	1774	1749
-1	4097	4193
-1	258	261
-1	261	258
-1	4083	3890
-1	267	247
-1	4083	3905
-1	4063	4155
-1	4063	4193
-1	4055	2845
-1	4055	185
-1	4043	4274
-1	4035	4315
-1	4035	4160
-1	4035	3882
-1	4026	3900
-1	4014	4274
-1	4014	4267
-1	1932	1315
-1	1933	1380
-1	1933	1453
-1	1936	1949
-1	1949	1936
-1	4010	3995
-1	4010	4274
-1	4010	4267
-1	4005	4280
-1	3995	4010
-1	3995	4274
-1	3995	4267
-1	2027	2031
-1	2027	2066
-1	2031	138
-1	2031	2027
-1	2043	4591
-1	2066	2027
-1	4869	4862
-1	2081	3910
-1	3956	3881
-1	3956	4193
-1	3956	3911
-1	2110	2114
-1	2114	2110
-1	3953	4244
-1	3953	4305
-1	3937	577
-1	3937	4288
-1	4869	4856
-1	4868	4856
-1	3935	438
-1	2138	2296
-1	2138	2275
-1	2138	2260
-1	2138	2158
-1	3918	4274
-1	3918	4267
-1	4862	4869
-1	4862	4856
-1	4856	4862
-1	4856	4869
-1	2158	2260
-1	2158	2138
-1	2158	2296
-1	2158	2164
-1	2158	2297
-1	2158	2170
-1	3911	1080
-1	2164	2296
-1	2164	2158
-1	4856	4868
-1	4841	4935
-1	2170	3686
-1	2170	2158
-1	3911	3956
-1	3910	2081
-1	3905	4083
-1	4841	606
-1	4841	3175
-1	3905	3890
-1	317	322
-1	322	317
-1	4838	3175
-1	326	329
-1	326	335
-1	329	326
-1	335	326
-1	336	387
-1	336	396
-1	336	342
-1	336	343
-1	336	373
-1	336	382
-1	336	383
-1	3900	4026
-1	3890	4083
-1	4836	3175
-1	342	336
-1	3890	3905
-1	2219	2275
-1	2219	2260
-1	343	336
-1	343	663
-1	343	93
-1	343	382
-1	4836	4824
-1	3882	4035
-1	3882	4160
-1	3882	4253
-1	3881	3956
-1	373	336
-1	4941	4888
-1	2260	2219
-1	2260	2275
-1	2260	2138
-1	2260	2158
-1	3850	3839
-1	3850	3800
-1	382	336
-1	382	343
-1	383	336
-1	383	680
-1	4935	4841
-1	4935	2659
-1	387	336
-1	3839	3850
-1	3833	3800
-1	2275	2219
-1	2275	2260
-1	2275	2138
-1	3800	3833
-1	3800	3850
-1	4833	4824
-1	396	336
-1	2296	2158
-1	2296	2164
-1	2296	2297
-1	2296	2138
-1	2297	2306
-1	2297	2296
-1	2297	2158
-1	2306	2297
-1	4833	3175
-1	4824	3175
-1	4824	4836
-1	4824	4833
-1	4820	3175
-1	2330	2333
-1	2330	2337
-1	2330	2340
-1	2330	2348
-1	2330	2349
-1	2330	2351
-1	2330	2355
-1	2330	2367
-1	2330	2377
-1	2330	2381
-1	2330	2386
-1	2330	2392
-1	2330	2401
-1	2333	2337
-1	2333	2330
-1	2337	2330
-1	2337	2333
-1	2337	2355
-1	2337	2367
-1	2337	2381
-1	2337	2401
-1	2340	2330
-1	2348	2381
-1	2348	2330
-1	2349	2330
-1	3751	3724
-1	2351	2377
-1	2351	2355
-1	2351	2330
-1	2355	2337
-1	2355	2351
-1	2355	2330
-1	3733	4280
-1	3733	3714
-1	3724	3751
-1	3714	3733
-1	2367	2337
-1	2367	2401
-1	2367	2330
-1	2377	2351
-1	2377	2330
-1	2381	2337
-1	2381	2348
-1	2381	2330
-1	2386	2330
-1	2392	2330
-1	3686	2170
-1	2401	2337
-1	2401	2330
-1	2401	2367
-1	3662	3627
-1	3662	3626
-1	2418	2514
-1	2445	2514
-1	2453	2461
-1	2453	2471
-1	2453	2476
-1	2453	2482
-1	2461	2453
-1	2471	2453
-1	2476	2453
-1	2482	2453
-1	2484	2499
-1	2499	2484
-1	421	423
-1	421	429
-1	421	433
-1	423	421
-1	423	429
-1	423	433
-1	429	423
-1	429	421
-1	433	421
-1	433	423
-1	2514	2445
-1	2514	2418
-1	3652	3623
-1	438	3935
-1	438	2659
-1	4763	4716
-1	4760	4716
-1	2645	2684
-1	2647	2659
-1	2647	2667
-1	2647	2719
-1	2659	2691
-1	2659	2697
-1	2659	2719
-1	2659	2708
-1	2659	438
-1	2659	4935
-1	2659	2647
-1	2659	4244
-1	2659	2667
-1	2659	2666
-1	2666	2659
-1	2666	2667
-1	2666	2691
-1	2666	2719
-1	2667	2691
-1	2667	2697
-1	2667	2708
-1	2667	2717
-1	2667	2647
-1	2667	2659
-1	2667	2666
-1	2684	2645
-1	41	1532
-1	2691	2659
-1	2691	2697
-1	2691	2666
-1	2691	2667
-1	2691	2708
-1	2697	2659
-1	2697	2667
-1	2697	2691
-1	2697	2708
-1	2697	2719
-1	2708	2659
-1	2708	2697
-1	2708	2667
-1	2708	2691
-1	2708	2713
-1	2711	2713
-1	2713	2708
-1	2713	2711
-1	2717	2667
-1	2719	2659
-1	2719	2697
-1	2719	2666
-1	2719	2647
-1	3627	3662
-1	3627	3626
-1	3626	3662
-1	3626	3627
-1	2735	2737
-1	2737	2735
-1	2737	2743
-1	3623	3652
-1	2743	2737
-1	2750	2752
-1	2752	2750
-1	2785	4153
-1	522	523
-1	3607	3584
-1	3604	3584
-1	3604	3585
-1	2845	2873
-1	2845	2875
-1	2845	2890
-1	2655	2669
-1	4682	4680
-1	3237	3260
-1	4895	4871
-1	4895	4890
-1	4890	4895
-1	4890	4871
-1	3225	3143
-1	861	860
-1	2300	2129
-1	2280	2217
-1	598	619
-1	3346	3354
-1	3901	2905
-1	4257	3889
-1	2336	2338
-1	4254	762
-1	3191	3143
-1	3350	3332
-1	2336	2334
-1	860	861
-1	4254	4202
-1	4254	3931
-1	4254	4308
-1	4254	3889
-1	4928	4871
-1	1155	1547
-1	4555	4605
-1	2300	2308
-1	1223	1224
-1	1269	1265
-1	4254	4204
-1	1120	1116
-1	1223	1170
-1	1224	1223
-1	2669	2655
-1	1408	1428
-1	1224	1170
-1	848	843
-1	3354	3346
-1	843	848
-1	378	2802
-1	4930	1059
-1	3875	2813
-1	3707	3693
-1	2252	2281
-1	2249	2216
-1	3657	3649
-1	762	4254
-1	2248	2168
-1	2248	2280
-1	719	390
-1	352	339
-1	1416	1429
-1	4886	4871
-1	1416	1486
-1	1416	1373
-1	3707	3684
-1	3356	3332
-1	3706	3684
-1	3703	3684
-1	2303	2216
-1	4476	4407
-1	3693	3707
-1	4879	4878
-1	4879	4871
-1	4878	4879
-1	4476	4466
-1	4470	4407
-1	4204	4254
-1	4204	4102
-1	4905	4871
-1	4202	4159
-1	352	1139
-1	4469	4407
-1	3655	3674
-1	4466	4407
-1	4202	4308
-1	4878	4905
-1	4466	4476
-1	1657	1667
-1	1657	1671
-1	1657	1676
-1	1657	1677
-1	1657	1692
-1	1657	1705
-1	1657	1717
-1	1657	1733
-1	1657	1658
-1	1658	1657
-1	4942	4947
-1	2224	2129
-1	2224	2154
-1	4464	1505
-1	2303	2300
-1	1160	1206
-1	1120	1143
-1	1428	1408
-1	1428	1393
-1	4202	4295
-1	4202	4281
-1	4202	4254
-1	4199	4175
-1	1667	1937
-1	1667	1657
-1	1429	1416
-1	1429	1373
-1	2224	2216
-1	3889	4257
-1	3889	4254
-1	4878	4871
-1	1671	1733
-1	1671	1657
-1	4197	4159
-1	4197	3916
-1	458	437
-1	3143	3225
-1	3143	3191
-1	3129	3398
-1	1676	1772
-1	1676	1657
-1	1677	3403
-1	1677	1657
-1	473	463
-1	3636	3649
-1	4359	2802
-1	2280	2216
-1	2279	2280
-1	3129	3043
-1	457	437
-1	2217	2154
-1	2338	2336
-1	2279	2278
-1	2217	2280
-1	1116	1143
-1	2217	2139
-1	3693	3684
-1	109	233
-1	1692	168
-1	1692	1657
-1	2300	2303
-1	2303	2154
-1	4617	4621
-1	2303	2129
-1	4918	4871
-1	1116	1108
-1	1445	3422
-1	1116	1120
-1	4922	4871
-1	3387	3389
-1	1705	1956
-1	1705	168
-1	1705	2698
-1	1705	1657
-1	2698	168
-1	2698	1705
-1	2217	2216
-1	2217	2308
-1	2216	2303
-1	2279	2129
-1	2216	2279
-1	2216	2154
-1	2279	2216
-1	4617	4632
-1	2754	2767
-1	3389	3387
-1	4175	4199
-1	4175	4299
-1	3758	3684
-1	100	2519
-1	2216	2280
-1	2311	2216
-1	595	608
-1	1717	1657
-1	3397	3426
-1	1108	1116
-1	1094	1085
-1	3398	3426
-1	3398	3129
-1	3684	3707
-1	4912	4871
-1	3398	3422
-1	4424	4487
-1	4167	4295
-1	4164	4323
-1	4164	3973
-1	3403	1677
-1	2475	2478
-1	1733	1657
-1	1733	1671
-1	4617	4640
-1	4159	3931
-1	4159	4202
-1	4159	4102
-1	4159	4281
-1	4159	4197
-1	2300	2168
-1	4905	4878
-1	1170	1224
-1	1297	1302
-1	1085	1094
-1	3421	3426
-1	3422	1445
-1	4874	4871
-1	1747	1766
-1	1747	1771
-1	390	719
-1	2300	2154
-1	4873	4871
-1	1751	1771
-1	4487	4424
-1	3422	3398
-1	1373	1416
-1	3422	3432
-1	1373	1429
-1	1373	2352
-1	1302	1297
-1	4128	3916
-1	2216	2278
-1	2216	2129
-1	3422	3426
-1	1766	1771
-1	1766	1747
-1	1766	1777
-1	2216	2249
-1	2478	2475
-1	1771	1766
-1	1771	1777
-1	1771	1747
-1	1771	1751
-1	1772	131
-1	1772	1515
-1	1772	1676
-1	3422	3423
-1	2216	2224
-1	4942	4953
-1	1777	1766
-1	1777	1771
-1	4109	3997
-1	2216	2217
-1	3422	3430
-1	4109	3916
-1	4102	4159
-1	4102	4204
-1	1486	1416
-1	4947	4942
-1	2813	3875
-1	3423	3422
-1	2281	2252
-1	4605	4555
-1	4605	4607
-1	3752	3684
-1	4916	4871
-1	1206	1160
-1	3426	3397
-1	3426	3398
-1	4607	4605
-1	1170	1223
-1	1489	1515
-1	4871	4931
-1	4871	4930
-1	4871	4928
-1	4871	4927
-1	1489	1516
-1	4871	4922
-1	274	275
-1	275	274
-1	3426	3421
-1	3426	3422
-1	2308	2217
-1	4617	4645
-1	2280	2168
-1	3430	3422
-1	4930	4871
-1	1820	1858
-1	1820	1828
-1	1820	1833
-1	1820	1853
-1	4871	4920
-1	4871	4918
-1	1824	1833
-1	1824	1835
-1	4871	4916
-1	4871	4912
-1	1828	1835
-1	1828	1820
-1	1828	1853
-1	2486	2487
-1	1832	608
-1	1833	1824
-1	1833	1835
-1	1833	1820
-1	1835	1824
-1	1835	1833
-1	1835	1828
-1	2669	2722
-1	2308	2154
-1	4931	4871
-1	2168	2300
-1	4871	4905
-1	4871	4895
-1	4871	4890
-1	2352	1373
-1	1853	1828
-1	1853	1820
-1	1854	168
-1	1505	4464
-1	1858	1820
-1	2487	2486
-1	1505	1530
-1	4323	3973
-1	4323	4164
-1	2216	2311
-1	4617	4649
-1	2168	2157
-1	655	649
-1	1212	4265
-1	4871	4886
-1	4871	4879
-1	4871	4878
-1	1890	2496
-1	4308	4254
-1	1515	1772
-1	1515	1489
-1	1516	1489
-1	655	647
-1	2168	2154
-1	2168	2280
-1	655	642
-1	2168	2278
-1	2168	2248
-1	2168	2308
-1	4927	4871
-1	447	437
-1	3432	3422
-1	3644	3675
-1	4308	4202
-1	1915	2063
-1	653	649
-1	2496	1890
-1	653	647
-1	653	642
-1	649	655
-1	4299	4175
-1	4482	4399
-1	3055	3043
-1	3055	3041
-1	3649	3619
-1	555	554
-1	554	555
-1	649	653
-1	649	642
-1	2547	131
-1	1937	1938
-1	1937	1667
-1	1938	1937
-1	2157	2168
-1	2157	2154
-1	4295	4202
-1	1956	1705
-1	1143	1116
-1	1530	1505
-1	4295	3931
-1	647	655
-1	647	653
-1	2157	2300
-1	647	642
-1	2280	2279
-1	4621	4640
-1	1987	1990
-1	1987	1995
-1	1987	2003
-1	1987	2004
-1	1990	1987
-1	1990	2003
-1	1990	2004
-1	2722	2669
-1	2157	2308
-1	1995	1987
-1	2003	1987
-1	2003	1990
-1	2003	2004
-1	2004	2003
-1	2004	1987
-1	2004	1990
-1	3051	3043
-1	3051	3041
-1	2154	2303
-1	2154	2300
-1	2154	2168
-1	3997	4109
-1	3997	3916
-1	2154	2157
-1	2154	2139
-1	2300	2157
-1	2278	2280
-1	642	655
-1	2154	2224
-1	642	653
-1	3684	3706
-1	3684	3703
-1	3684	3693
-1	3684	3758
-1	2032	2934
-1	2154	2217
-1	2154	2216
-1	2154	2308
-1	3973	4323
-1	2406	2433
-1	3916	4109
-1	4871	4874
-1	2050	2103
-1	3973	4164
-1	3043	3055
-1	3043	3129
-1	4871	4873
-1	2063	1915
-1	2406	2435
-1	3043	3051
-1	3043	3041
-1	3041	3055
-1	3041	3051
-1	2406	2440
-1	2406	2451
-1	3041	3043
-1	2984	3537
-1	2934	2032
-1	3537	2984
-1	2406	2425
-1	2916	2894
-1	2406	2430
-1	2103	2050
-1	3684	3752
-1	3675	3644
-1	3675	3897
-1	3583	3945
-1	3649	3657
-1	3649	3636
-1	2913	2894
-1	4859	4866
-1	4407	4470
-1	4407	4469
-1	4407	4466
-1	4407	4476
-1	4621	4617
-1	1059	4930
-1	1143	1120
-1	2280	2278
-1	2308	2157
-1	4295	4167
-1	4295	4281
-1	4295	4265
-1	1329	1331
-1	642	649
-1	1331	1329
-1	2767	2754
-1	3674	3655
-1	2280	2129
-1	1547	1155
-1	2278	2168
-1	2278	2216
-1	4281	4159
-1	4281	4202
-1	4281	4295
-1	2905	3901
-1	3945	3583
-1	2905	2894
-1	2519	100
-1	642	647
-1	437	447
-1	339	352
-1	2129	2216
-1	2129	2224
-1	2129	2139
-1	2129	2279
-1	2129	2280
-1	2902	2894
-1	2901	2894
-1	2129	2300
-1	2897	2894
-1	2894	2916
-1	2129	2303
-1	2894	2913
-1	2894	2905
-1	2894	2902
-1	2894	2901
-1	2894	2897
-1	4866	4859
-1	3916	3997
-1	338	2802
-1	3931	4295
-1	3931	4159
-1	3897	3675
-1	2278	2279
-1	2840	2837
-1	2535	131
-1	3916	4128
-1	3916	4197
-1	2139	2217
-1	2139	2129
-1	2139	2154
-1	3931	4254
-1	437	457
-1	437	458
-1	463	473
-1	4632	4640
-1	4632	4617
-1	4640	4617
-1	4640	4621
-1	204	168
-1	4640	4632
-1	3619	3649
-1	2837	2840
-1	619	598
-1	2425	2406
-1	2430	2406
-1	4399	4482
-1	4645	4617
-1	2433	2406
-1	2435	2406
-1	4920	4871
-1	608	595
-1	608	1832
-1	3332	3350
-1	2440	2406
-1	2280	2248
-1	2334	2336
-1	2308	2168
-1	131	2535
-1	1393	1428
-1	131	1772
-1	2802	4359
-1	331	327
-1	131	2547
-1	1265	1269
-1	1139	352
-1	4649	4617
-1	168	2698
-1	168	1692
-1	168	1705
-1	3332	3319
-1	233	109
-1	3332	3356
-1	2451	2406
-1	2802	338
-1	2802	378
-1	168	1854
-1	3319	3332
-1	4265	1212
-1	4265	4295
-1	168	204
-1	2308	2300
-1	4953	4942
-1	4680	4682
-1	327	331
-1	3260	3237
-1	4546	4533
-1	1159	1202
-1	3770	3772
-1	3770	3766
-1	3770	3761
-1	3769	3761
-1	4544	4575
-1	4544	4549
-1	4544	4546
-1	4544	4538
-1	4544	4536
-1	4544	4533
-1	4541	4536
-1	2304	2118
-1	1181	1914
-1	4914	4887
-1	4914	4901
-1	4541	4564
-1	4541	4546
-1	2770	3376
-1	4539	4546
-1	1196	3038
-1	4538	4546
-1	4538	4544
-1	4538	4609
-1	4536	4564
-1	4536	4544
-1	1202	1159
-1	4536	4541
-1	1230	1001
-1	1230	3500
-1	1230	2812
-1	3768	3766
-1	3768	3761
-1	4533	4575
-1	4533	4546
-1	4533	4544
-1	3766	3772
-1	2313	2148
-1	2313	2118
-1	3611	3634
-1	514	482
-1	25	0
-1	3611	3616
-1	3634	3653
-1	1248	1252
-1	1248	1261
-1	1252	1248
-1	1261	1248
-1	4813	371
-1	3766	3770
-1	3766	3768
-1	3766	3761
-1	4523	4497
-1	3761	3772
-1	4516	223
-1	2329	2118
-1	4515	4507
-1	487	482
-1	488	482
-1	2672	1694
-1	3634	3639
-1	3634	3637
-1	0	49
-1	4507	4515
-1	4497	4523
-1	2678	2689
-1	2678	2704
-1	0	59
-1	0	63
-1	4488	4417
-1	0	73
-1	0	80
-1	2678	2648
-1	2678	2688
-1	129	13
-1	0	81
-1	0	87
-1	494	482
-1	3761	3770
-1	1327	821
-1	499	482
-1	4478	4429
-1	4974	4952
-1	3761	3769
-1	9	0
-1	13	0
-1	139	156
-1	3610	3673
-1	13	129
-1	15	0
-1	153	3244
-1	3634	3629
-1	155	159
-1	156	139
-1	159	155
-1	4908	4899
-1	1348	1384
-1	3634	3624
-1	3634	3616
-1	2688	2689
-1	1355	1484
-1	1355	1371
-1	1355	1379
-1	1355	1384
-1	4446	4196
-1	4446	362
-1	3761	3768
-1	2688	1384
-1	3761	3766
-1	2344	2362
-1	2344	2365
-1	2344	2368
-1	2344	2385
-1	4429	4478
-1	2688	2678
-1	2688	1688
-1	15	80
-1	1371	1355
-1	1371	1484
-1	1371	1379
-1	1371	1384
-1	4952	4974
-1	2689	2688
-1	0	13
-1	1376	2145
-1	1379	1355
-1	1379	1484
-1	1379	1371
-1	1379	1384
-1	2689	2678
-1	2689	1688
-1	2689	1851
-1	2689	3563
-1	39	0
-1	3610	3668
-1	3610	3661
-1	4417	4488
-1	1384	2688
-1	1384	4339
-1	1384	1524
-1	1384	1348
-1	1384	1355
-1	1384	1484
-1	1384	1371
-1	1384	1379
-1	4395	4327
-1	4395	4384
-1	4392	4327
-1	4390	4327
-1	4388	4381
-1	4388	4363
-1	4388	4327
-1	0	15
-1	4384	4327
-1	4384	4395
-1	3610	3654
-1	3610	3653
-1	3610	3647
-1	3716	3691
-1	2362	2344
-1	2362	2366
-1	4382	4327
-1	4382	4381
-1	4381	4382
-1	4381	4375
-1	4381	4363
-1	4381	4327
-1	4381	4388
-1	4375	4381
-1	4375	4363
-1	4375	4327
-1	4372	4327
-1	2365	2344
-1	2366	2390
-1	2366	2362
-1	3610	3639
-1	3610	3637
-1	2368	2344
-1	4363	4381
-1	4363	4375
-1	4363	4327
-1	4363	4388
-1	4358	4327
-1	4352	4327
-1	4349	4327
-1	4348	4327
-1	3610	3634
-1	3691	3716
-1	4904	4887
-1	4339	1384
-1	4339	4327
-1	4334	4327
-1	4330	4327
-1	3610	3629
-1	202	3450
-1	2385	2344
-1	2388	2824
-1	202	3453
-1	2388	2940
-1	0	29
-1	2390	2366
-1	4813	367
-1	3634	3611
-1	1452	3244
-1	202	3454
-1	202	3460
-1	202	3483
-1	202	3484
-1	202	3488
-1	202	3499
-1	4327	4349
-1	4327	4348
-1	202	3500
-1	202	3501
-1	202	3520
-1	1484	1355
-1	1484	1371
-1	1484	1379
-1	1484	1384
-1	4327	4339
-1	4327	4334
-1	4327	4330
-1	4327	4395
-1	4327	4392
-1	4327	4390
-1	4327	4388
-1	4327	4384
-1	4327	4382
-1	4327	4381
-1	4327	4375
-1	4327	4372
-1	4327	4363
-1	4327	4358
-1	4327	4352
-1	1510	1787
-1	4310	3331
-1	1524	1384
-1	202	3522
-1	3634	3610
-1	2704	2678
-1	2704	1688
-1	202	3531
-1	202	3534
-1	202	3540
-1	202	3541
-1	202	3542
-1	202	3545
-1	202	3546
-1	202	3549
-1	202	3553
-1	4293	4282
-1	4289	4053
-1	4289	3903
-1	4282	4293
-1	3673	3634
-1	3673	3610
-1	3668	3634
-1	3668	3610
-1	202	3557
-1	202	3559
-1	202	3562
-1	202	3563
-1	2704	1694
-1	508	482
-1	2416	2812
-1	3661	3610
-1	3661	3639
-1	1561	1612
-1	1561	1564
-1	4813	4169
-1	4904	4901
-1	4901	4887
-1	0	25
-1	223	4135
-1	223	4516
-1	1564	1561
-1	1564	1610
-1	1564	1612
-1	1564	1635
-1	223	4059
-1	3610	3624
-1	4901	4914
-1	4901	4904
-1	2454	2466
-1	2454	2469
-1	2454	2472
-1	4899	4908
-1	2454	2477
-1	2454	2455
-1	4887	4914
-1	4255	4022
-1	2454	2463
-1	2455	2454
-1	2455	2463
-1	2455	2466
-1	2455	2469
-1	2455	2472
-1	2455	2477
-1	2455	2483
-1	3661	3637
-1	3661	3634
-1	4246	4222
-1	4246	4218
-1	4246	4053
-1	4246	3903
-1	3661	3629
-1	3629	3661
-1	4241	4222
-1	4240	600
-1	4240	4174
-1	2463	2454
-1	2463	2455
-1	3661	3616
-1	4222	4246
-1	4222	3954
-1	4222	4241
-1	4222	4872
-1	4887	4904
-1	4887	4901
-1	4221	3959
-1	4218	4246
-1	2466	2472
-1	1610	1564
-1	1610	1630
-1	2466	2477
-1	1612	1561
-1	1612	1564
-1	2466	2483
-1	1630	1610
-1	1635	1564
-1	2466	2454
-1	2466	2455
-1	3654	3653
-1	3654	3610
-1	1659	1707
-1	1659	1711
-1	1659	1715
-1	1659	1660
-1	1660	1814
-1	1660	1707
-1	1660	1711
-1	1660	1715
-1	1660	1659
-1	2469	2454
-1	1669	1682
-1	1669	1720
-1	1669	1690
-1	1669	1693
-1	2469	2455
-1	1682	1669
-1	1682	1690
-1	4196	4446
-1	4196	4053
-1	1688	2688
-1	1688	2689
-1	1688	2704
-1	1688	1694
-1	1688	1864
-1	4196	3903
-1	1690	1682
-1	1690	1669
-1	1693	1720
-1	1693	1669
-1	1694	2704
-1	1694	1688
-1	1694	1864
-1	1694	2672
-1	4196	4158
-1	4875	4923
-1	1707	1711
-1	1707	1715
-1	1707	1659
-1	1707	1660
-1	2812	2416
-1	2472	2466
-1	2472	2454
-1	1711	1707
-1	1711	1659
-1	1711	1660
-1	2472	2455
-1	1715	1707
-1	1715	1659
-1	1715	1660
-1	4174	4240
-1	4169	699
-1	4169	367
-1	1720	1669
-1	1720	1693
-1	4169	4813
-1	2812	1230
-1	4158	4196
-1	2477	2466
-1	2477	2483
-1	4150	4147
-1	4147	4150
-1	1748	1768
-1	2477	2454
-1	4147	3988
-1	256	257
-1	256	259
-1	257	256
-1	4135	223
-1	2477	2455
-1	4118	3549
-1	1768	1748
-1	4118	3450
-1	1782	1959
-1	1787	2145
-1	1787	1510
-1	1791	850
-1	257	277
-1	2483	2466
-1	259	256
-1	2483	2477
-1	2483	2455
-1	1809	3134
-1	4872	4222
-1	4872	4078
-1	510	482
-1	1814	1660
-1	277	257
-1	1817	2233
-1	4078	2084
-1	4078	4872
-1	1851	2689
-1	4072	3884
-1	2488	2491
-1	4059	223
-1	418	419
-1	1864	1688
-1	1864	1694
-1	419	418
-1	283	305
-1	4053	4196
-1	4053	3903
-1	4053	2981
-1	4053	4246
-1	4053	4289
-1	2491	2488
-1	1914	1181
-1	2495	575
-1	2820	2030
-1	4032	4839
-1	3653	3654
-1	4022	4255
-1	419	428
-1	3610	3616
-1	3610	3611
-1	2824	2388
-1	1958	1984
-1	1959	1975
-1	1959	1782
-1	1975	1959
-1	3629	3639
-1	1984	1985
-1	1984	1958
-1	1985	1984
-1	428	419
-1	3988	4147
-1	3629	3637
-1	0	9
-1	2030	2820
-1	3629	3634
-1	3629	3616
-1	3629	3610
-1	3653	3634
-1	2084	3903
-1	2084	4078
-1	3959	4221
-1	4784	674
-1	4772	4726
-1	3954	4222
-1	3653	3610
-1	2118	2120
-1	2118	2143
-1	2118	2145
-1	2118	2148
-1	2118	2150
-1	2118	2152
-1	2118	2172
-1	2118	2183
-1	2118	2190
-1	2118	2199
-1	2118	2207
-1	2118	2233
-1	2118	2239
-1	2118	2243
-1	2118	2244
-1	2118	2258
-1	2118	2263
-1	2118	2265
-1	2118	2268
-1	2118	2273
-1	2118	2304
-1	2118	2313
-1	2118	2329
-1	2120	2118
-1	2525	2534
-1	2528	2565
-1	2534	2582
-1	2534	2525
-1	2534	2540
-1	2534	2546
-1	2879	2891
-1	2884	2886
-1	2886	2884
-1	2891	2879
-1	2540	2534
-1	3563	202
-1	3563	2689
-1	3562	202
-1	3559	202
-1	3557	202
-1	3553	202
-1	3549	3546
-1	3549	3545
-1	3549	4118
-1	3549	202
-1	3546	202
-1	3546	3549
-1	3545	3549
-1	3545	202
-1	3542	202
-1	3541	546
-1	3541	202
-1	3540	202
-1	3534	202
-1	3531	3501
-1	3531	202
-1	3522	202
-1	2940	3520
-1	2940	2388
-1	2940	3450
-1	2143	2243
-1	2143	2244
-1	3520	2940
-1	3520	202
-1	2143	2118
-1	2143	2258
-1	2143	2263
-1	3501	3903
-1	3501	202
-1	3501	3484
-1	3501	3453
-1	3501	3531
-1	2981	4053
-1	3500	1230
-1	3500	202
-1	3499	202
-1	2143	2148
-1	2143	2150
-1	3488	202
-1	3484	3501
-1	3484	202
-1	2145	1376
-1	2145	2118
-1	2145	1787
-1	3019	3020
-1	3020	3019
-1	3483	202
-1	3460	202
-1	3454	202
-1	3453	3501
-1	3038	1196
-1	2148	2313
-1	2148	2190
-1	2148	2243
-1	2148	2244
-1	2148	2118
-1	2148	2143
-1	4751	4772
-1	2546	2534
-1	2150	2118
-1	2150	2143
-1	3453	202
-1	3450	2940
-1	3450	4118
-1	3450	2639
-1	2152	2118
-1	4751	4740
-1	3450	202
-1	546	3541
-1	49	0
-1	2554	468
-1	3647	3610
-1	4772	4751
-1	2565	2528
-1	2565	4736
-1	4923	4875
-1	3062	3072
-1	3062	3074
-1	3062	3065
-1	3065	3072
-1	3065	3074
-1	3065	3092
-1	3065	3062
-1	305	283
-1	3068	3072
-1	3068	3074
-1	3068	3107
-1	3072	3074
-1	3072	3092
-1	3072	3107
-1	3072	3062
-1	3072	3065
-1	3072	3068
-1	4740	4751
-1	575	2495
-1	59	0
-1	3074	3072
-1	3074	3092
-1	3074	3107
-1	3074	3062
-1	3074	3065
-1	3074	3068
-1	2172	2118
-1	2172	2183
-1	4772	4740
-1	3639	3661
-1	63	0
-1	4923	4937
-1	3639	3610
-1	73	0
-1	2183	2118
-1	80	0
-1	2183	2190
-1	2183	2172
-1	3639	3637
-1	3639	3634
-1	3903	4196
-1	3903	4053
-1	4740	4772
-1	3092	3072
-1	3092	3074
-1	3092	3065
-1	3903	4289
-1	2190	2183
-1	2190	2199
-1	2190	2118
-1	80	15
-1	81	0
-1	3107	3072
-1	3107	3074
-1	3107	3068
-1	2190	2148
-1	4839	4032
-1	3376	2770
-1	3117	3120
-1	3120	3117
-1	3134	3135
-1	3134	3136
-1	3134	3147
-1	3134	3155
-1	3134	3158
-1	3134	3165
-1	3134	3166
-1	3134	3171
-1	3134	3177
-1	3134	3178
-1	3134	3180
-1	3134	3200
-1	3134	3203
-1	3134	3204
-1	3134	3207
-1	3134	3219
-1	3134	1809
-1	3135	3134
-1	3136	3134
-1	2582	2534
-1	3147	3134
-1	3155	3158
-1	3155	3134
-1	3158	3155
-1	3158	3134
-1	3165	3171
-1	3165	3177
-1	3165	3134
-1	3166	3134
-1	3171	3204
-1	3171	3165
-1	3171	3134
-1	3903	3501
-1	3903	2084
-1	2199	2118
-1	2199	2190
-1	2199	2233
-1	3177	3178
-1	3177	3165
-1	3177	3134
-1	3178	3134
-1	3178	3177
-1	3180	3134
-1	3348	3345
-1	3903	4246
-1	3200	3134
-1	2207	2118
-1	3203	3134
-1	3204	3171
-1	3204	3134
-1	3207	3134
-1	3345	3348
-1	600	4240
-1	3219	3134
-1	3232	3240
-1	3232	3244
-1	3232	3250
-1	3232	3254
-1	3232	3258
-1	3240	3232
-1	3244	3232
-1	3244	153
-1	3244	1452
-1	3250	3232
-1	3254	3232
-1	3258	3232
-1	4736	2565
-1	460	461
-1	3639	3629
-1	3331	4310
-1	3639	3616
-1	461	460
-1	3637	3610
-1	3637	3639
-1	3637	3634
-1	3637	3661
-1	87	0
-1	87	2239
-1	646	650
-1	4726	4772
-1	650	646
-1	3637	3629
-1	87	2644
-1	87	1150
-1	3637	3616
-1	468	2554
-1	2630	2631
-1	2631	2630
-1	482	512
-1	482	514
-1	3884	4072
-1	482	487
-1	674	4784
-1	2233	2118
-1	2233	2199
-1	2233	1817
-1	0	39
-1	482	488
-1	2239	2118
-1	2239	87
-1	482	494
-1	482	499
-1	482	508
-1	699	4169
-1	699	367
-1	362	4446
-1	367	4169
-1	367	4813
-1	367	699
-1	2243	2244
-1	2243	2118
-1	2243	2143
-1	2243	2148
-1	2244	2243
-1	2244	2118
-1	2244	2265
-1	4711	4698
-1	2244	2143
-1	2244	2148
-1	371	4813
-1	482	510
-1	2639	3450
-1	765	827
-1	4708	4698
-1	4701	4698
-1	4698	4701
-1	4698	4711
-1	2258	2118
-1	2258	2263
-1	2258	2143
-1	2644	87
-1	3624	3634
-1	3624	3610
-1	821	1327
-1	3848	3801
-1	827	765
-1	4698	4708
-1	4695	4664
-1	2263	2268
-1	2263	2118
-1	2263	2258
-1	850	1791
-1	2263	2143
-1	4691	4664
-1	4683	4664
-1	866	872
-1	866	878
-1	2265	2118
-1	2265	2244
-1	872	866
-1	872	878
-1	4681	4664
-1	2648	2678
-1	878	866
-1	878	872
-1	3634	3673
-1	2268	2118
-1	883	898
-1	883	890
-1	4679	4664
-1	4664	4695
-1	890	898
-1	890	883
-1	891	4629
-1	898	883
-1	898	890
-1	4664	4691
-1	4664	4683
-1	4664	4681
-1	4664	4679
-1	4659	4657
-1	4657	4659
-1	908	909
-1	909	908
-1	911	917
-1	911	920
-1	911	921
-1	917	911
-1	920	911
-1	921	911
-1	2268	2263
-1	3634	3668
-1	4937	4923
-1	29	0
-1	3844	3843
-1	3843	3844
-1	3616	3661
-1	942	969
-1	942	945
-1	3616	3639
-1	945	942
-1	2273	2118
-1	4629	891
-1	3812	3801
-1	969	942
-1	3616	3637
-1	3616	3634
-1	1001	1230
-1	4609	4538
-1	1067	1070
-1	1070	1067
-1	3801	3812
-1	3801	3848
-1	3616	3629
-1	3793	3790
-1	3790	3793
-1	1101	1135
-1	1106	1150
-1	3772	3766
-1	3634	3661
-1	3772	3770
-1	4575	4533
-1	2755	2758
-1	4575	4549
-1	4575	4544
-1	512	482
-1	2758	2755
-1	3616	3611
-1	4564	4541
-1	3616	3610
-1	4564	4536
-1	1135	1101
-1	4564	4546
-1	3611	3610
-1	3772	3761
-1	4560	4546
-1	1150	1106
-1	1150	87
-1	4549	4575
-1	4549	4544
-1	4546	4564
-1	4546	4560
-1	4546	4544
-1	4546	4541
-1	4546	4539
-1	4546	4538
-1	875	877
-1	3344	3326
-1	1317	1343
-1	2357	2342
-1	4889	4919
-1	3344	3375
-1	877	875
-1	1317	1323
-1	2321	2290
-1	2321	2147
-1	2680	2855
-1	3344	3379
-1	4896	4881
-1	3239	3270
-1	882	900
-1	882	887
-1	882	893
-1	882	894
-1	3344	3365
-1	882	895
-1	4483	4397
-1	1304	1303
-1	4263	3986
-1	2210	2321
-1	2210	2163
-1	3270	3239
-1	3344	3338
-1	3344	3304
-1	3344	3333
-1	3340	3336
-1	3340	3304
-1	3338	3326
-1	2357	2402
-1	3338	3304
-1	4263	3999
-1	3338	3333
-1	3338	3344
-1	3337	2942
-1	3337	3304
-1	3336	3340
-1	3336	3304
-1	3335	3304
-1	3333	3326
-1	3333	3320
-1	3304	3333
-1	3304	3335
-1	3304	3336
-1	3304	3337
-1	3304	3338
-1	3304	3340
-1	3304	3344
-1	3304	3365
-1	3304	3370
-1	3304	3375
-1	3304	3379
-1	3304	566
-1	3304	3311
-1	3304	3314
-1	3304	3318
-1	3304	3320
-1	3304	3323
-1	3304	3326
-1	3333	3304
-1	3311	3304
-1	3314	3304
-1	1304	1270
-1	3333	3379
-1	3333	3365
-1	3333	3344
-1	3333	3338
-1	3318	3304
-1	3630	4008
-1	3320	3304
-1	3320	3333
-1	4944	1719
-1	229	4138
-1	2870	2887
-1	2870	2843
-1	2449	2412
-1	2133	2232
-1	887	882
-1	3323	3304
-1	2887	2851
-1	2887	2870
-1	2887	2843
-1	2133	2229
-1	2832	2835
-1	2436	2412
-1	2858	2843
-1	2857	2843
-1	2855	2843
-1	2855	2680
-1	2133	2195
-1	2851	2843
-1	2851	2887
-1	887	894
-1	3599	3600
-1	3600	3599
-1	3942	4091
-1	3947	2944
-1	2117	2072
-1	3949	3999
-1	2832	2833
-1	3326	3338
-1	3326	3344
-1	3326	3333
-1	3326	3304
-1	4675	4674
-1	4674	4675
-1	1559	638
-1	1559	1579
-1	462	465
-1	1303	1304
-1	3810	3854
-1	1559	1576
-1	2321	2210
-1	4735	4729
-1	2843	2857
-1	4571	4565
-1	2843	2887
-1	1553	1579
-1	4729	4735
-1	3967	4173
-1	4277	3970
-1	626	2473
-1	3894	4187
-1	465	462
-1	3970	4263
-1	2833	2832
-1	638	1559
-1	4279	3971
-1	2412	2436
-1	2942	3337
-1	2944	3947
-1	2412	2449
-1	4291	4045
-1	2402	2397
-1	2402	2357
-1	893	882
-1	894	882
-1	894	887
-1	2400	2397
-1	2400	2357
-1	2397	2402
-1	895	882
-1	2397	2400
-1	4297	3971
-1	2397	2370
-1	3970	4277
-1	1220	529
-1	4596	4585
-1	900	882
-1	1521	1519
-1	1521	1518
-1	1521	1415
-1	2144	2195
-1	4596	4556
-1	2144	2232
-1	2144	2147
-1	2144	2290
-1	1519	1521
-1	1518	1521
-1	2397	2357
-1	2147	2305
-1	4596	4614
-1	2843	2851
-1	2147	2321
-1	2147	2195
-1	2147	2229
-1	2147	2232
-1	2397	2347
-1	1485	1390
-1	2147	2144
-1	1485	1385
-1	1485	1719
-1	1485	1415
-1	2147	2290
-1	1485	1410
-1	2699	379
-1	407	404
-1	2699	4737
-1	2384	2370
-1	2383	2370
-1	2382	2357
-1	2793	2204
-1	529	1220
-1	2375	2370
-1	4350	346
-1	2089	2046
-1	2843	2870
-1	4787	368
-1	2370	2397
-1	2370	2384
-1	2072	2117
-1	3971	1846
-1	3971	4279
-1	3971	4297
-1	1430	1390
-1	1430	1415
-1	3046	3077
-1	2046	2089
-1	1430	1410
-1	2370	2383
-1	3977	3999
-1	3977	4039
-1	3980	3996
-1	3986	4263
-1	426	417
-1	3996	3980
-1	3999	3977
-1	3999	3949
-1	3999	4263
-1	2370	2375
-1	3445	660
-1	537	538
-1	3999	4261
-1	2014	167
-1	4004	4044
-1	538	537
-1	4008	3630
-1	1220	4173
-1	4787	4795
-1	4494	1415
-1	4795	4787
-1	2843	2858
-1	420	426
-1	1928	1911
-1	1921	1911
-1	2290	2195
-1	2290	2229
-1	346	4350
-1	1919	1911
-1	420	417
-1	1912	1911
-1	2229	2195
-1	2163	2195
-1	2163	2210
-1	2163	2232
-1	2163	2235
-1	2163	2266
-1	1911	1919
-1	660	1220
-1	566	3365
-1	566	3375
-1	566	3304
-1	1911	1912
-1	1911	1928
-1	660	3445
-1	57	58
-1	58	57
-1	2229	2133
-1	2229	2147
-1	2229	2290
-1	1911	1921
-1	4039	3909
-1	4039	3977
-1	4044	4004
-1	4045	4291
-1	1865	1846
-1	1846	3971
-1	4494	4447
-1	2290	2144
-1	2290	2147
-1	677	778
-1	1846	1865
-1	1819	1813
-1	2232	2133
-1	3641	3640
-1	3641	3620
-1	2232	2144
-1	2232	2147
-1	2232	2163
-1	1819	1812
-1	2290	2321
-1	682	368
-1	1295	1292
-1	4565	4571
-1	2235	2163
-1	1099	1687
-1	2370	2342
-1	167	2014
-1	58	61
-1	4397	4483
-1	2305	2147
-1	3782	3779
-1	4556	4596
-1	4494	4576
-1	1391	1383
-1	1390	1385
-1	1813	1819
-1	1812	1819
-1	1807	1220
-1	1804	1744
-1	2694	2677
-1	1415	1521
-1	3077	3046
-1	4091	3942
-1	1784	1765
-1	3640	3641
-1	4919	4889
-1	3909	4039
-1	4585	4596
-1	4114	4415
-1	61	58
-1	90	32
-1	1415	1390
-1	4585	4556
-1	3779	3782
-1	417	426
-1	1765	1784
-1	1756	1744
-1	3835	3823
-1	368	682
-1	368	4787
-1	4642	3167
-1	1390	1485
-1	4138	229
-1	1744	1756
-1	1744	1804
-1	4556	4585
-1	2677	2694
-1	426	420
-1	1220	1807
-1	4737	2699
-1	4576	4494
-1	3823	3835
-1	753	775
-1	2473	626
-1	753	791
-1	1390	1430
-1	1726	1675
-1	1719	1485
-1	1719	4944
-1	4173	1220
-1	3097	3099
-1	3097	3106
-1	1390	1415
-1	1390	1410
-1	4173	3967
-1	3099	3097
-1	4187	3894
-1	1704	1703
-1	3379	3344
-1	3379	3375
-1	4405	4451
-1	2321	2195
-1	1703	1704
-1	3106	3097
-1	1415	1385
-1	1415	1485
-1	1415	1430
-1	1415	4494
-1	964	996
-1	2833	2835
-1	2835	2832
-1	1687	1099
-1	3379	3304
-1	3379	3333
-1	3115	3121
-1	3115	3123
-1	1415	1410
-1	1410	1390
-1	3870	3856
-1	3121	3115
-1	3123	3115
-1	3375	566
-1	3375	3304
-1	3375	3344
-1	3375	3370
-1	3375	3379
-1	1687	1673
-1	1675	1726
-1	3370	3375
-1	3370	3304
-1	3856	3870
-1	1220	660
-1	1292	1295
-1	775	753
-1	3856	3853
-1	1292	1285
-1	778	677
-1	112	135
-1	3854	3853
-1	3854	3810
-1	3853	3856
-1	791	753
-1	1385	1390
-1	1385	1485
-1	1385	1415
-1	1410	1385
-1	1385	1410
-1	1383	1391
-1	996	964
-1	3365	566
-1	3365	3344
-1	1675	1674
-1	1674	1675
-1	3365	3304
-1	3365	3333
-1	1673	1687
-1	1410	1485
-1	2195	2210
-1	4881	4896
-1	379	2699
-1	2195	2229
-1	2195	2133
-1	3150	3184
-1	3152	3154
-1	3154	3152
-1	3853	3854
-1	2835	2833
-1	2357	2400
-1	3620	3641
-1	2195	2144
-1	2195	2147
-1	2195	2321
-1	4415	4114
-1	3738	3745
-1	1285	1292
-1	3745	3738
-1	3167	4642
-1	3167	3194
-1	417	420
-1	2195	2290
-1	2195	2163
-1	2347	2397
-1	2342	2357
-1	842	845
-1	1410	1430
-1	845	842
-1	2342	2370
-1	1410	1415
-1	404	407
-1	2201	2204
-1	2204	2793
-1	2843	2855
-1	2357	2397
-1	4447	4451
-1	4447	4494
-1	4451	4405
-1	1579	1559
-1	4614	4596
-1	1270	1304
-1	2204	2201
-1	3184	3150
-1	1579	1553
-1	4451	4447
-1	4261	3999
-1	3194	3167
-1	135	112
-1	2266	2163
-1	1343	1317
-1	32	90
-1	2357	2382
-1	2210	2195
-1	4263	3970
-1	1323	1317
-1	1576	1559
-1	2501	2536
-1	17	134
-1	17	150
-1	17	26
-1	26	17
-1	88	1417
-1	117	130
-1	121	127
-1	127	164
-1	127	214
-1	127	121
-1	130	164
-1	130	117
-1	134	2690
-1	134	17
-1	134	166
-1	134	576
-1	134	453
-1	150	164
-1	150	17
-1	164	130
-1	164	150
-1	164	127
-1	166	134
-1	166	3283
-1	214	127
-1	239	2169
-1	311	4527
-1	351	4717
-1	377	385
-1	385	706
-1	385	739
-1	385	377
-1	399	410
-1	410	399
-1	453	134
-1	453	549
-1	485	1366
-1	485	506
-1	503	3638
-1	503	506
-1	506	485
-1	506	503
-1	549	453
-1	570	597
-1	570	572
-1	572	576
-1	572	597
-1	572	570
-1	576	134
-1	576	3736
-1	576	1698
-1	576	572
-1	576	597
-1	576	3034
-1	576	612
-1	576	3575
-1	597	576
-1	597	570
-1	597	572
-1	612	576
-1	643	652
-1	643	654
-1	652	643
-1	654	643
-1	688	832
-1	706	385
-1	713	4020
-1	732	4774
-1	739	385
-1	832	688
-1	841	847
-1	847	841
-1	869	876
-1	869	879
-1	876	869
-1	876	879
-1	879	869
-1	879	876
-1	947	987
-1	966	4903
-1	971	1114
-1	972	2797
-1	987	1040
-1	987	947
-1	987	1013
-1	1013	1048
-1	1013	987
-1	1040	987
-1	1048	1013
-1	1076	1421
-1	1114	971
-1	1122	1133
-1	1133	1122
-1	1167	1184
-1	1179	1184
-1	1180	1184
-1	1180	1194
-1	1184	1194
-1	1184	1167
-1	1184	1179
-1	1184	1180
-1	1194	1184
-1	1194	1180
-1	1237	2444
-1	1288	1313
-1	1288	1289
-1	1289	1288
-1	1289	1296
-1	1296	1313
-1	1296	1289
-1	1296	1305
-1	1305	1313
-1	1305	1296
-1	1313	1288
-1	1313	1296
-1	1313	1305
-1	1347	1351
-1	1347	1366
-1	1347	1375
-1	1347	1395
-1	1347	1396
-1	1347	1411
-1	1347	1417
-1	1347	1418
-1	1347	1421
-1	1347	1423
-1	1347	1437
-1	1347	1440
-1	1347	1442
-1	1347	1446
-1	1347	1449
-1	1347	1457
-1	1347	1458
-1	1347	1466
-1	1347	1467
-1	1347	1472
-1	1347	1475
-1	1347	1479
-1	1351	1347
-1	1366	1347
-1	1366	485
-1	1366	1375
-1	1375	1347
-1	1375	1442
-1	1375	1395
-1	1375	1366
-1	1395	1423
-1	1395	1442
-1	1395	1347
-1	1395	1375
-1	1396	1423
-1	1396	1442
-1	1396	1347
-1	1411	1347
-1	1417	1347
-1	1417	88
-1	1418	1347
-1	1421	1347
-1	1421	4400
-1	1421	1076
-1	1421	4509
-1	1423	1347
-1	1423	1395
-1	1423	1396
-1	1437	1347
-1	1440	1347
-1	1442	1347
-1	1442	1375
-1	1442	1395
-1	1442	1396
-1	1446	1347
-1	1449	1347
-1	1457	1347
-1	1458	1347
-1	1466	1347
-1	1466	1467
-1	1467	1466
-1	1467	1347
-1	1472	1347
-1	1475	1347
-1	1479	1347
-1	1529	2847
-1	1535	1609
-1	1537	1543
-1	1543	1537
-1	1543	1554
-1	1543	1562
-1	1543	1565
-1	1543	1573
-1	1543	1575
-1	1543	1651
-1	1554	1543
-1	1554	1562
-1	1554	1565
-1	1554	1568
-1	1554	1573
-1	1562	1543
-1	1562	1554
-1	1562	1565
-1	1562	1566
-1	1562	1568
-1	1562	1573
-1	1562	1575
-1	1562	1617
-1	1565	1543
-1	1565	1554
-1	1565	1562
-1	1565	1573
-1	1565	1603
-1	1566	1562
-1	1568	1554
-1	1568	1562
-1	1573	1543
-1	1573	1554
-1	1573	1562
-1	1573	1565
-1	1573	1575
-1	1573	1603
-1	1575	1543
-1	1575	1562
-1	1575	1573
-1	1575	1603
-1	1603	1573
-1	1603	1575
-1	1603	1565
-1	1609	1535
-1	1617	1562
-1	1617	4457
-1	1617	2681
-1	1651	1543
-1	1670	2681
-1	1698	576
-1	1745	1757
-1	1750	4360
-1	1755	1757
-1	1757	1745
-1	1757	1755
-1	1797	3874
-1	1797	4360
-1	1797	4752
-1	1797	2681
-1	1810	1815
-1	1810	1822
-1	1810	1823
-1	1810	1826
-1	1810	1848
-1	1810	1850
-1	1810	1872
-1	1810	1873
-1	1810	1874
-1	1810	1880
-1	1815	1810
-1	1822	1810
-1	1823	1810
-1	1826	1810
-1	1826	1850
-1	1848	1810
-1	1850	1810
-1	1850	1826
-1	1872	1810
-1	1873	1810
-1	1874	1810
-1	1880	1810
-1	2049	2073
-1	2059	3481
-1	2073	2049
-1	2126	2211
-1	2126	2319
-1	2142	2193
-1	2142	2211
-1	2142	2241
-1	2142	2293
-1	2142	2261
-1	2149	2188
-1	2169	4457
-1	2169	239
-1	2169	3285
-1	2181	3873
-1	2181	3948
-1	2188	2149
-1	2193	2319
-1	2193	2211
-1	2193	2228
-1	2193	2241
-1	2193	2142
-1	2193	2267
-1	2211	2319
-1	2211	2193
-1	2211	2267
-1	2211	2213
-1	2211	2228
-1	2211	2241
-1	2211	2245
-1	2211	2126
-1	2211	2269
-1	2211	2142
-1	2211	2261
-1	2213	2319
-1	2213	2211
-1	2213	2241
-1	2213	2269
-1	2228	2319
-1	2228	2193
-1	2228	2211
-1	2228	2241
-1	2228	2269
-1	2231	2323
-1	2236	2319
-1	2241	2193
-1	2241	2211
-1	2241	2213
-1	2241	2228
-1	2241	2245
-1	2241	2267
-1	2241	2269
-1	2241	2142
-1	2245	2241
-1	2245	2211
-1	2245	2269
-1	2261	2211
-1	2261	2142
-1	2267	2241
-1	2267	2211
-1	2267	2193
-1	2269	2211
-1	2269	2213
-1	2269	2228
-1	2269	2241
-1	2269	2245
-1	2289	2293
-1	2293	2289
-1	2293	2142
-1	2319	2193
-1	2319	2211
-1	2319	2213
-1	2319	2228
-1	2319	2236
-1	2319	2126
-1	2323	2231
-1	2341	2387
-1	2387	2341
-1	2389	2393
-1	2393	2389
-1	2444	1237
-1	2460	2479
-1	2479	2460
-1	2489	2490
-1	2490	2489
-1	2501	2562
-1	2501	2568
-1	2501	2573
-1	2501	2577
-1	2501	2579
-1	2501	2581
-1	2501	2587
-1	2501	2592
-1	2501	2601
-1	2501	2606
-1	2501	2610
-1	2501	2623
-1	2501	2513
-1	2501	2515
-1	2501	2526
-1	2501	2537
-1	2501	2538
-1	2501	2544
-1	2513	2501
-1	2515	2501
-1	2515	2568
-1	2526	2501
-1	2536	2501
-1	2537	2501
-1	2538	2501
-1	2544	2501
-1	2562	2501
-1	2568	2501
-1	2568	2579
-1	2568	2515
-1	2573	2501
-1	2577	2501
-1	2579	2568
-1	2579	2501
-1	2581	2501
-1	2587	2501
-1	2592	2501
-1	2601	2501
-1	2606	3394
-1	2606	2501
-1	2610	2501
-1	2623	2501
-1	2637	2641
-1	2637	2658
-1	2637	2670
-1	2637	2671
-1	2637	2681
-1	2637	2690
-1	2637	2707
-1	2637	2715
-1	2641	2637
-1	2658	2637
-1	2670	2637
-1	2671	2637
-1	2681	1797
-1	2681	1670
-1	2681	2637
-1	2681	1617
-1	2690	2637
-1	2690	134
-1	2707	2637
-1	2715	2637
-1	2757	2781
-1	2781	2757
-1	2797	972
-1	2847	1529
-1	2864	3736
-1	2871	2880
-1	2880	2871
-1	2939	3013
-1	2945	2965
-1	2949	2957
-1	2957	2949
-1	2965	2945
-1	3010	3958
-1	3013	2939
-1	3015	3030
-1	3016	3021
-1	3021	3016
-1	3030	3015
-1	3034	576
-1	3040	3073
-1	3040	3081
-1	3040	3087
-1	3040	3091
-1	3040	3098
-1	3040	3105
-1	3040	3047
-1	3040	3050
-1	3040	3053
-1	3040	3058
-1	3040	3060
-1	3040	3061
-1	3047	3073
-1	3047	3081
-1	3047	3091
-1	3047	3040
-1	3047	3053
-1	3047	3060
-1	3050	3040
-1	3053	3073
-1	3053	3081
-1	3053	3087
-1	3053	3091
-1	3053	3098
-1	3053	3105
-1	3053	3040
-1	3053	3047
-1	3053	3058
-1	3053	3060
-1	3053	3061
-1	3058	3040
-1	3058	3053
-1	3058	3087
-1	3060	3073
-1	3060	3040
-1	3060	3047
-1	3060	3053
-1	3061	3040
-1	3061	3053
-1	3073	3040
-1	3073	3047
-1	3073	3053
-1	3073	3060
-1	3081	3087
-1	3081	3105
-1	3081	3040
-1	3081	3047
-1	3081	3053
-1	3087	3040
-1	3087	3081
-1	3087	3053
-1	3087	3058
-1	3091	3098
-1	3091	3040
-1	3091	3047
-1	3091	3053
-1	3098	3040
-1	3098	3053
-1	3098	3091
-1	3105	3040
-1	3105	3081
-1	3105	3053
-1	3209	3216
-1	3216	3209
-1	3283	166
-1	3285	2169
-1	3315	3359
-1	3359	3315
-1	3371	3378
-1	3378	3371
-1	3390	3394
-1	3390	3406
-1	3390	3433
-1	3390	3444
-1	3390	3447
-1	3390	3449
-1	3394	2606
-1	3394	3885
-1	3394	3390
-1	3406	3390
-1	3433	3390
-1	3444	3390
-1	3447	3390
-1	3449	3390
-1	3463	3887
-1	3481	2059
-1	3482	3519
-1	3519	3569
-1	3519	3482
-1	3543	3554
-1	3554	3543
-1	3569	3519
-1	3575	576
-1	3591	3598
-1	3598	3591
-1	3617	3667
-1	3617	3666
-1	3631	3680
-1	3631	3666
-1	3631	3667
-1	3631	3638
-1	3631	3645
-1	3638	3666
-1	3638	3631
-1	3638	503
-1	3638	3645
-1	3645	3666
-1	3645	3631
-1	3645	3638
-1	3646	3879
-1	3666	3617
-1	3666	3631
-1	3666	3638
-1	3666	3645
-1	3667	3617
-1	3667	3631
-1	3680	3631
-1	3702	3727
-1	3727	3702
-1	3736	576
-1	3736	2864
-1	3767	3773
-1	3773	3767
-1	3773	3775
-1	3775	3773
-1	3818	3830
-1	3818	3829
-1	3818	3867
-1	3829	3818
-1	3830	3818
-1	3830	3867
-1	3866	3867
-1	3867	3818
-1	3867	3830
-1	3867	3866
-1	3867	3868
-1	3868	3867
-1	3873	4101
-1	3873	4103
-1	3873	4115
-1	3873	4127
-1	3873	4130
-1	3873	4136
-1	3873	4162
-1	3873	4166
-1	3873	4172
-1	3873	4208
-1	3873	4215
-1	3873	4217
-1	3873	4219
-1	3873	4225
-1	3873	4228
-1	3873	2181
-1	3873	4231
-1	3873	4243
-1	3873	4245
-1	3873	4250
-1	3873	4251
-1	3873	4259
-1	3873	4275
-1	3873	4286
-1	3873	4296
-1	3873	4303
-1	3873	4316
-1	3873	3874
-1	3873	3879
-1	3873	3880
-1	3873	3885
-1	3873	3887
-1	3873	3914
-1	3873	3917
-1	3873	3920
-1	3873	3929
-1	3873	3933
-1	3873	3940
-1	3873	3943
-1	3873	3948
-1	3873	3955
-1	3873	3958
-1	3873	3968
-1	3873	3972
-1	3873	3983
-1	3873	3993
-1	3873	4003
-1	3873	4015
-1	3873	4017
-1	3873	4020
-1	3873	4023
-1	3873	4030
-1	3873	4050
-1	3873	4058
-1	3873	4079
-1	3873	4087
-1	3873	4089
-1	3873	4095
-1	3874	3873
-1	3874	1797
-1	3874	4251
-1	3879	3873
-1	3879	3880
-1	3879	3646
-1	3880	3873
-1	3880	3879
-1	3885	3873
-1	3885	3394
-1	3887	3873
-1	3887	3463
-1	3914	3873
-1	3917	3873
-1	3920	4101
-1	3920	4103
-1	3920	4166
-1	3920	3873
-1	3920	4663
-1	3920	3948
-1	3920	3958
-1	3929	3873
-1	3933	3873
-1	3940	3873
-1	3940	4015
-1	3943	3873
-1	3948	3968
-1	3948	2181
-1	3948	4231
-1	3948	3873
-1	3948	4296
-1	3948	3920
-1	3955	3873
-1	3955	4136
-1	3958	3873
-1	3958	3010
-1	3958	4296
-1	3958	3920
-1	3968	3873
-1	3968	4101
-1	3968	4231
-1	3968	3948
-1	3972	3873
-1	3983	3873
-1	3993	4095
-1	3993	3873
-1	4003	3873
-1	4015	3873
-1	4015	3940
-1	4015	4243
-1	4015	4127
-1	4017	3873
-1	4020	713
-1	4020	3873
-1	4023	3873
-1	4030	3873
-1	4050	3873
-1	4058	3873
-1	4058	4172
-1	4079	3873
-1	4087	3873
-1	4089	3873
-1	4095	3873
-1	4095	3993
-1	4101	3968
-1	4101	3873
-1	4101	4296
-1	4101	3920
-1	4103	3873
-1	4103	3920
-1	4115	3873
-1	4127	3873
-1	4127	4015
-1	4127	4243
-1	4130	3873
-1	4136	3873
-1	4136	3955
-1	4162	3873
-1	4166	3873
-1	4166	4296
-1	4166	3920
-1	4172	3873
-1	4172	4058
-1	4208	3873
-1	4215	3873
-1	4215	4250
-1	4217	3873
-1	4219	3873
-1	4225	3873
-1	4228	3873
-1	4231	3968
-1	4231	3948
-1	4231	3873
-1	4243	3873
-1	4243	4015
-1	4243	4286
-1	4243	4127
-1	4245	3873
-1	4250	3873
-1	4250	4215
-1	4251	3873
-1	4251	3874
-1	4259	3873
-1	4275	3873
-1	4286	3873
-1	4286	4243
-1	4296	4101
-1	4296	3873
-1	4296	4166
-1	4296	3948
-1	4296	4717
-1	4296	3958
-1	4303	3873
-1	4316	3873
-1	4360	1797
-1	4360	1750
-1	4400	1421
-1	4400	4425
-1	4423	4428
-1	4425	4400
-1	4425	4471
-1	4428	4423
-1	4428	4435
-1	4428	4436
-1	4435	4428
-1	4435	4436
-1	4436	4428
-1	4436	4435
-1	4457	1617
-1	4457	2169
-1	4471	4425
-1	4509	1421
-1	4509	4527
-1	4521	4527
-1	4527	4521
-1	4527	311
-1	4527	4509
-1	4537	4608
-1	4537	4612
-1	4537	4553
-1	4537	4583
-1	4542	4593
-1	4553	4612
-1	4553	4583
-1	4553	4593
-1	4553	4537
-1	4581	4583
-1	4583	4610
-1	4583	4537
-1	4583	4553
-1	4583	4581
-1	4593	4612
-1	4593	4542
-1	4593	4553
-1	4608	4610
-1	4608	4537
-1	4610	4608
-1	4610	4583
-1	4610	4612
-1	4612	4610
-1	4612	4537
-1	4612	4553
-1	4612	4593
-1	4620	4627
-1	4622	4627
-1	4623	4634
-1	4627	4620
-1	4627	4622
-1	4634	4623
-1	4651	4663
-1	4663	3920
-1	4663	4651
-1	4667	4684
-1	4684	4667
-1	4717	4296
-1	4717	351
-1	4733	4765
-1	4752	1797
-1	4765	4733
-1	4774	4779
-1	4774	4791
-1	4774	4807
-1	4774	4812
-1	4774	732
-1	4779	4774
-1	4791	4774
-1	4807	4774
-1	4812	4774
-1	4897	4907
-1	4903	966
-1	4907	4897
-1	3069	3044
-1	4755	3928
-1	455	3530
-1	455	4264
-1	1077	1397
-1	3054	3052
-1	3863	3827
-1	3054	3044
-1	3052	3054
-1	1110	4720
-1	4242	4064
-1	1110	956
-1	4586	4551
-1	4242	4073
-1	3044	3069
-1	3044	3054
-1	3863	3798
-1	294	284
-1	3037	3032
-1	3036	3032
-1	290	285
-1	3032	3037
-1	4586	4559
-1	290	284
-1	4586	4540
-1	162	4665
-1	3032	3036
-1	1591	1602
-1	1591	1584
-1	289	285
-1	2999	2961
-1	1591	1578
-1	1591	1555
-1	1591	1550
-1	1591	1545
-1	1012	961
-1	4863	4867
-1	4865	4867
-1	289	284
-1	4867	4865
-1	1590	1555
-1	1590	1550
-1	1590	1545
-1	1584	1567
-1	2961	2999
-1	1584	1555
-1	1584	1550
-1	1584	1591
-1	1578	1567
-1	1578	1555
-1	1093	1130
-1	2956	4364
-1	2956	1002
-1	1578	1602
-1	3530	455
-1	4867	4863
-1	1578	1591
-1	1578	1545
-1	1009	4480
-1	1002	2956
-1	4264	4011
-1	4264	455
-1	4264	4707
-1	1567	1584
-1	1567	1578
-1	1567	1555
-1	1567	1550
-1	1567	1545
-1	1555	1602
-1	1555	1591
-1	4269	3974
-1	1555	1590
-1	1555	1584
-1	1555	1578
-1	1555	1567
-1	1555	1550
-1	1555	1545
-1	285	284
-1	1550	1602
-1	1550	1591
-1	1550	1590
-1	1550	1584
-1	1550	1567
-1	3573	2588
-1	1550	1555
-1	3577	2588
-1	3577	454
-1	1550	1545
-1	2868	2848
-1	2863	2854
-1	2863	2848
-1	1546	1649
-1	2854	2863
-1	2854	2848
-1	3586	3587
-1	3587	3586
-1	1000	1661
-1	2848	2868
-1	285	1397
-1	2848	2863
-1	2848	2854
-1	285	290
-1	89	28
-1	2041	995
-1	1545	1601
-1	1545	4669
-1	1545	1591
-1	1545	1590
-1	1545	1578
-1	1545	1567
-1	1545	1555
-1	1545	1550
-1	3974	3976
-1	3974	4269
-1	285	289
-1	284	285
-1	284	294
-1	284	290
-1	284	289
-1	2766	2751
-1	3613	3632
-1	3613	3671
-1	3974	3921
-1	3974	4077
-1	3615	3628
-1	2765	2748
-1	3976	3907
-1	2751	2766
-1	2748	2765
-1	3976	3974
-1	4302	3904
-1	3976	4318
-1	162	1354
-1	4594	4567
-1	3869	3859
-1	1520	1491
-1	3621	3664
-1	3621	3671
-1	3869	3798
-1	4309	4201
-1	2353	2343
-1	3872	3798
-1	1000	961
-1	4318	3907
-1	2732	2731
-1	2731	2732
-1	3628	3615
-1	3628	3632
-1	3628	3633
-1	3628	3660
-1	3628	3671
-1	4318	3976
-1	995	2041
-1	85	28
-1	4921	4915
-1	2720	2413
-1	454	3577
-1	4625	4648
-1	4594	4540
-1	4625	889
-1	2516	2574
-1	1491	1520
-1	2516	2503
-1	3632	3660
-1	3632	3628
-1	3632	3613
-1	3633	3628
-1	961	1012
-1	2503	2516
-1	2687	2413
-1	2687	2668
-1	2687	1685
-1	961	1000
-1	956	1110
-1	2668	2687
-1	2663	3295
-1	2572	3295
-1	53	28
-1	951	941
-1	951	937
-1	941	951
-1	937	951
-1	3754	3712
-1	4648	4625
-1	2343	2359
-1	53	4818
-1	905	889
-1	905	904
-1	1994	1918
-1	1994	4567
-1	1979	1954
-1	1977	1954
-1	1954	1979
-1	1954	1977
-1	4011	4264
-1	4011	4061
-1	1918	1917
-1	1918	2151
-1	1425	1392
-1	4364	2956
-1	1425	1394
-1	1419	1349
-1	1419	1377
-1	37	2572
-1	28	85
-1	904	889
-1	904	905
-1	903	886
-1	901	886
-1	889	4625
-1	4665	162
-1	1404	1394
-1	1397	285
-1	1397	1077
-1	1394	1404
-1	1394	1392
-1	1394	1425
-1	1392	1394
-1	1392	1360
-1	1392	1356
-1	1392	1354
-1	4782	534
-1	28	89
-1	4669	1545
-1	2343	2353
-1	889	905
-1	889	904
-1	1918	4567
-1	434	3798
-1	1918	1994
-1	886	903
-1	886	901
-1	2339	2335
-1	1918	2331
-1	2335	2339
-1	2331	1918
-1	28	53
-1	1918	1174
-1	1918	1169
-1	1917	1918
-1	2328	2160
-1	1392	1349
-1	4604	4574
-1	2468	2458
-1	2467	2458
-1	2467	2465
-1	4997	4996
-1	1392	1425
-1	774	761
-1	4703	4707
-1	2465	2458
-1	2309	2174
-1	3660	3671
-1	4707	4198
-1	4048	4212
-1	4048	1301
-1	4707	4264
-1	4707	4703
-1	770	748
-1	770	705
-1	3660	3628
-1	761	774
-1	3660	3632
-1	748	770
-1	2465	2467
-1	2458	2468
-1	2294	2413
-1	4061	4011
-1	2458	2467
-1	2240	2262
-1	4418	4420
-1	4420	4418
-1	4420	1036
-1	4420	4442
-1	4064	4242
-1	2240	2291
-1	2240	2212
-1	1377	1419
-1	2237	2291
-1	4073	4242
-1	3883	4238
-1	1036	1790
-1	2458	2465
-1	3696	3712
-1	2291	2174
-1	3780	3781
-1	3781	3780
-1	2291	2240
-1	2214	2212
-1	4077	3974
-1	4077	3921
-1	4077	3960
-1	4077	4149
-1	1841	2572
-1	2212	2274
-1	2212	2262
-1	2212	2240
-1	1799	1741
-1	2212	2214
-1	2291	2237
-1	1790	1741
-1	1360	1392
-1	402	400
-1	4818	53
-1	4442	4420
-1	1790	1036
-1	402	398
-1	400	398
-1	1356	1392
-1	1354	1392
-1	400	402
-1	1354	1349
-1	398	402
-1	1785	1759
-1	1354	162
-1	1785	1752
-1	4825	4831
-1	2284	2262
-1	3798	3841
-1	3798	3851
-1	3798	3859
-1	3798	3861
-1	3798	3863
-1	1785	1741
-1	3904	4302
-1	1776	1741
-1	3904	4212
-1	3904	3928
-1	1775	1741
-1	1761	1741
-1	1349	1392
-1	4831	4825
-1	3798	3869
-1	1349	1354
-1	1349	1419
-1	398	400
-1	4480	1009
-1	1759	1785
-1	1314	1266
-1	1307	1266
-1	2177	2176
-1	3907	3976
-1	3907	4318
-1	2176	2177
-1	1301	1266
-1	1301	4048
-1	4493	4514
-1	4493	4517
-1	4493	4519
-1	4493	4530
-1	1299	1266
-1	2174	2291
-1	2174	2309
-1	2160	2328
-1	729	666
-1	1759	1741
-1	4835	3202
-1	4835	3206
-1	4514	4493
-1	1281	1266
-1	1273	1266
-1	4517	4493
-1	4519	4493
-1	1752	1785
-1	1266	1273
-1	2151	1918
-1	3798	3872
-1	3798	434
-1	4530	4493
-1	1266	1314
-1	1266	1307
-1	1266	1301
-1	1266	1299
-1	1266	1281
-1	1260	1235
-1	1249	1235
-1	1249	1242
-1	1247	1235
-1	1242	1235
-1	1242	1249
-1	1240	1235
-1	1235	1260
-1	1235	1249
-1	1235	1247
-1	1235	1242
-1	1235	1240
-1	3798	3820
-1	1233	1175
-1	1233	1169
-1	1233	1198
-1	1233	1156
-1	1217	1156
-1	1217	1169
-1	1216	1156
-1	1207	1156
-1	1199	1189
-1	1199	1156
-1	1752	1741
-1	1741	1790
-1	4149	4077
-1	1741	1785
-1	1198	1169
-1	1198	1233
-1	1198	1156
-1	1195	1156
-1	4540	4559
-1	4540	4579
-1	4540	4586
-1	4540	4594
-1	4540	4604
-1	1189	1199
-1	1189	1156
-1	1175	1156
-1	3798	3824
-1	1175	1233
-1	1174	1918
-1	1174	1156
-1	1169	1918
-1	1169	1233
-1	1169	1198
-1	1169	1156
-1	1169	1217
-1	3798	3827
-1	1161	1156
-1	1741	1776
-1	1156	1233
-1	1156	1217
-1	1156	1216
-1	1156	1207
-1	1156	1199
-1	1156	1198
-1	1156	1195
-1	1156	1189
-1	1156	1175
-1	1156	1174
-1	1156	1169
-1	1156	1161
-1	4550	4551
-1	4550	4559
-1	4550	4567
-1	4550	4604
-1	4551	4550
-1	4551	4586
-1	4551	4579
-1	4551	4567
-1	4551	4561
-1	1741	1775
-1	1741	1761
-1	1741	1759
-1	1741	1752
-1	1741	1799
-1	1739	1738
-1	1738	1739
-1	3798	3828
-1	2572	1841
-1	705	770
-1	4559	4540
-1	4559	4550
-1	4559	4586
-1	4559	4604
-1	4835	3210
-1	4561	4551
-1	4561	4567
-1	2572	37
-1	666	729
-1	4835	3230
-1	4835	3141
-1	4835	3145
-1	1134	1128
-1	1130	1093
-1	1128	1134
-1	4567	4550
-1	4567	4551
-1	4567	1994
-1	4567	4561
-1	4567	4594
-1	4567	1918
-1	2413	2687
-1	2413	2294
-1	3664	3621
-1	3921	3974
-1	4835	3146
-1	4574	4604
-1	4835	3169
-1	3921	3944
-1	3921	4077
-1	3664	3671
-1	1713	1712
-1	1713	1710
-1	2588	3577
-1	2588	3573
-1	2274	2262
-1	3709	3712
-1	2574	2516
-1	3712	3754
-1	4915	4921
-1	3820	3861
-1	3820	3798
-1	3928	3904
-1	1712	1713
-1	3928	4755
-1	4720	4722
-1	3712	3696
-1	2274	2212
-1	3824	3859
-1	3824	3798
-1	3309	3334
-1	3303	3282
-1	3301	3282
-1	3334	3309
-1	3299	3282
-1	3297	3282
-1	3295	2663
-1	3295	2572
-1	3295	3282
-1	3293	3282
-1	4720	1110
-1	3827	3863
-1	3282	3303
-1	3827	3798
-1	3282	3301
-1	3282	3297
-1	1712	1710
-1	1710	1713
-1	1710	1712
-1	3342	3351
-1	3342	3352
-1	3282	3295
-1	3282	3293
-1	3282	3299
-1	3828	3798
-1	4722	4720
-1	3230	4835
-1	3210	3181
-1	3210	4835
-1	3206	4835
-1	1695	1661
-1	3202	4835
-1	3181	4835
-1	3181	3210
-1	3179	3172
-1	3351	3342
-1	3351	3352
-1	3352	3342
-1	3352	3351
-1	3172	3179
-1	3169	4835
-1	3168	3146
-1	3146	4835
-1	1689	1685
-1	4579	4551
-1	1685	2687
-1	3146	3145
-1	3146	3168
-1	3145	4835
-1	1685	1689
-1	3145	3146
-1	3145	3141
-1	3141	4835
-1	3141	3145
-1	3712	3709
-1	4604	4540
-1	4198	4707
-1	1036	4420
-1	4201	615
-1	4201	4309
-1	3944	3921
-1	1661	1695
-1	4579	4540
-1	1661	1000
-1	1649	1546
-1	4604	4550
-1	4604	4559
-1	3125	3109
-1	3116	3109
-1	2413	340
-1	3109	3125
-1	3109	3116
-1	3841	3798
-1	2413	2720
-1	3671	3613
-1	615	4201
-1	2262	2284
-1	2262	2274
-1	4835	3181
-1	2262	2240
-1	3851	3798
-1	2262	2212
-1	3671	3621
-1	581	574
-1	4212	3904
-1	4212	4048
-1	4996	4997
-1	580	4232
-1	340	2413
-1	325	4223
-1	3671	3628
-1	2359	2343
-1	3671	3660
-1	1602	1555
-1	1602	1591
-1	1602	1550
-1	1602	1578
-1	4223	325
-1	3671	3664
-1	2574	547
-1	574	581
-1	547	2574
-1	534	4782
-1	4232	580
-1	1601	1545
-1	3859	3824
-1	3859	3798
-1	3960	4077
-1	3859	3869
-1	3861	3820
-1	3861	3798
-1	4238	3883
-1	1078	1113
-1	1078	1112
-1	2576	4981
-1	2576	2196
-1	3643	3614
-1	2563	4981
-1	4599	4573
-1	4599	4584
-1	4599	4603
-1	1078	1105
-1	2557	1357
-1	2552	2431
-1	2518	2613
-1	2518	2409
-1	3651	3625
-1	2500	2603
-1	2431	1113
-1	2431	2552
-1	1078	1097
-1	4603	4557
-1	4603	4599
-1	2409	1381
-1	2409	4439
-1	2409	2518
-1	2409	1357
-1	2409	1352
-1	2409	1
-1	2403	2364
-1	2403	2361
-1	2403	2350
-1	2403	2379
-1	2395	2364
-1	2395	2350
-1	2379	2361
-1	2379	2403
-1	2364	2395
-1	3694	3735
-1	3697	3726
-1	3697	3728
-1	3697	3710
-1	1078	1087
-1	2364	2361
-1	2364	2360
-1	2364	2403
-1	2364	2350
-1	3710	3697
-1	2361	2364
-1	2361	2379
-1	2361	2403
-1	3726	3697
-1	1078	1152
-1	3728	3407
-1	3728	3697
-1	2360	2364
-1	3734	1664
-1	3734	19
-1	3735	3694
-1	2350	2364
-1	3748	19
-1	2350	2395
-1	2350	2403
-1	2324	2140
-1	2324	2205
-1	2324	19
-1	2310	2302
-1	2310	2292
-1	2302	2310
-1	2301	2140
-1	2301	2189
-1	2301	2125
-1	2299	2255
-1	2292	2310
-1	160	99
-1	120	104
-1	3799	3821
-1	3799	3855
-1	2283	2271
-1	2283	2254
-1	2283	2140
-1	2283	2189
-1	3808	1113
-1	2282	2196
-1	3814	3862
-1	107	213
-1	107	245
-1	3821	3799
-1	104	120
-1	99	160
-1	2271	2283
-1	2271	2140
-1	2271	2135
-1	2271	2254
-1	2271	2230
-1	2256	2124
-1	2255	2299
-1	2254	2283
-1	3855	3799
-1	2254	2135
-1	2254	2271
-1	3862	3814
-1	1014	2603
-1	2254	2140
-1	84	64
-1	64	84
-1	4631	4633
-1	4633	4631
-1	925	924
-1	924	925
-1	4673	3518
-1	874	865
-1	873	865
-1	865	874
-1	865	873
-1	829	776
-1	829	768
-1	781	776
-1	776	829
-1	776	781
-1	4705	4712
-1	4705	4713
-1	4705	4714
-1	768	829
-1	2254	2189
-1	4712	4705
-1	4712	4713
-1	4712	4074
-1	4713	4705
-1	2230	2271
-1	4713	4712
-1	4713	4714
-1	4714	4705
-1	4714	4713
-1	2223	2603
-1	2223	2608
-1	2205	2324
-1	2205	2189
-1	2196	2576
-1	2196	2282
-1	2189	2301
-1	2189	2283
-1	2189	2254
-1	2189	2205
-1	2140	2301
-1	2140	2254
-1	2140	2283
-1	728	691
-1	2140	2125
-1	2140	2271
-1	728	265
-1	691	728
-1	19	627
-1	19	3926
-1	651	648
-1	3924	3969
-1	3924	4031
-1	3926	4234
-1	3926	4239
-1	3926	19
-1	3926	3927
-1	3926	4074
-1	3926	4207
-1	3927	4046
-1	3927	3926
-1	2140	2324
-1	2136	3518
-1	2135	2271
-1	3932	1388
-1	2135	2254
-1	2125	2140
-1	2125	2301
-1	648	651
-1	2124	2256
-1	627	19
-1	2123	4398
-1	2123	2914
-1	622	4283
-1	19	1234
-1	621	601
-1	621	524
-1	601	621
-1	2116	2093
-1	3950	254
-1	2116	2017
-1	2116	2096
-1	2108	4210
-1	2108	2017
-1	2099	2017
-1	2096	2116
-1	3957	4131
-1	3957	4108
-1	524	621
-1	2096	2017
-1	3961	4069
-1	2093	2056
-1	19	3748
-1	3969	3924
-1	3969	4021
-1	2093	2116
-1	2093	2017
-1	2067	2017
-1	2057	2017
-1	2056	2093
-1	19	3734
-1	2056	2017
-1	2040	3992
-1	2040	2017
-1	3978	4016
-1	3978	4021
-1	3978	4031
-1	3978	4001
-1	3978	4829
-1	2039	2017
-1	2026	2017
-1	2017	2040
-1	3992	2040
-1	3992	4182
-1	441	2914
-1	436	415
-1	2017	2039
-1	2017	2026
-1	2017	2116
-1	2017	2108
-1	2017	2099
-1	2017	2096
-1	2017	2093
-1	2017	2067
-1	2017	2057
-1	2017	2056
-1	4001	3978
-1	4001	4016
-1	4001	4021
-1	19	2324
-1	18	16
-1	16	18
-1	16	12
-1	12	16
-1	4016	4131
-1	4016	4001
-1	4016	3978
-1	1	2409
-1	436	422
-1	4021	3969
-1	4021	3978
-1	4021	4146
-1	4021	4001
-1	422	415
-1	4031	3978
-1	4031	3924
-1	4033	4074
-1	4033	4152
-1	4033	4287
-1	1907	1903
-1	1907	1895
-1	1903	1895
-1	1903	1907
-1	1901	1895
-1	4046	4234
-1	4046	4152
-1	4046	4301
-1	4046	3927
-1	4046	4189
-1	4046	4190
-1	4046	4207
-1	4981	2576
-1	1899	1895
-1	1895	1907
-1	1895	1903
-1	1895	1901
-1	1895	1899
-1	1866	1837
-1	1860	4287
-1	422	436
-1	4981	2563
-1	1860	2709
-1	1859	1855
-1	1859	1829
-1	4069	3961
-1	4069	3004
-1	1855	1859
-1	4074	4234
-1	4074	4239
-1	4074	2862
-1	4074	4033
-1	4074	4179
-1	4074	3926
-1	4074	4190
-1	4074	4712
-1	4074	4211
-1	1837	1866
-1	4983	4991
-1	1829	1859
-1	415	436
-1	415	422
-1	4829	3978
-1	4104	2914
-1	4108	4131
-1	4108	4134
-1	4108	4144
-1	4108	3957
-1	1778	2914
-1	4829	4146
-1	4116	2914
-1	4832	4850
-1	391	1346
-1	4131	4108
-1	4131	4016
-1	4131	4134
-1	4131	4144
-1	4131	3957
-1	4134	4131
-1	4134	4108
-1	4144	4131
-1	4144	4108
-1	4146	4021
-1	4146	4829
-1	4152	4033
-1	4152	4046
-1	1734	2914
-1	1731	1716
-1	1731	1718
-1	1728	1727
-1	1728	1672
-1	1727	1672
-1	1727	1728
-1	1718	1716
-1	1718	1708
-1	1718	1731
-1	1716	1718
-1	1716	1731
-1	4176	4179
-1	4176	4182
-1	4179	4074
-1	4179	4206
-1	4179	4176
-1	4179	4211
-1	4182	4195
-1	4182	4176
-1	4182	3992
-1	4182	4189
-1	4189	4234
-1	4189	4046
-1	4189	4211
-1	4189	4182
-1	4189	4190
-1	4190	4074
-1	4190	4046
-1	4190	4189
-1	4190	4207
-1	1708	1718
-1	4195	4182
-1	1672	1727
-1	1672	1728
-1	1664	3734
-1	1664	3205
-1	1636	1594
-1	1634	1594
-1	1634	1570
-1	4206	4179
-1	4206	4211
-1	4207	4046
-1	4207	4234
-1	4207	3926
-1	4207	4190
-1	4210	2108
-1	4211	4074
-1	4211	4206
-1	4211	4189
-1	4211	4179
-1	347	3435
-1	1605	1382
-1	312	281
-1	1604	1594
-1	312	280
-1	312	297
-1	297	312
-1	4850	4832
-1	297	280
-1	4234	4247
-1	4234	4046
-1	4234	3926
-1	4234	4189
-1	4234	4207
-1	4234	4074
-1	4239	3926
-1	4239	4074
-1	1594	1636
-1	1594	1634
-1	1594	1604
-1	296	280
-1	1594	1570
-1	4247	4234
-1	1570	1634
-1	1570	1594
-1	4283	622
-1	4287	4033
-1	4287	1860
-1	1531	1488
-1	1527	1488
-1	281	1113
-1	1525	1488
-1	1522	2914
-1	4301	4046
-1	281	312
-1	1522	1488
-1	1513	2914
-1	1513	1382
-1	1513	1488
-1	281	280
-1	1507	1435
-1	1507	1488
-1	1500	1488
-1	1500	4398
-1	1500	4455
-1	1497	1488
-1	1495	1488
-1	1488	1531
-1	1488	1527
-1	1488	1525
-1	1488	1522
-1	1488	1513
-1	1488	1507
-1	1488	1500
-1	1488	1497
-1	1488	1495
-1	1469	1468
-1	1468	1469
-1	1444	1405
-1	1444	1381
-1	1444	1362
-1	1444	1352
-1	1444	1427
-1	1435	1381
-1	1435	1507
-1	1435	1362
-1	1435	1352
-1	1432	1405
-1	1432	1382
-1	280	312
-1	280	297
-1	1427	1362
-1	1427	1352
-1	1427	1444
-1	1409	2914
-1	1405	1381
-1	1405	2914
-1	1405	1362
-1	1405	1352
-1	1405	1444
-1	1405	1432
-1	1405	3094
-1	4396	4398
-1	4396	4402
-1	4396	4408
-1	4396	4409
-1	4396	4411
-1	4396	4413
-1	4396	4426
-1	4396	4427
-1	4396	4439
-1	4396	4441
-1	4396	4445
-1	4396	4448
-1	4396	4450
-1	4396	4455
-1	4396	4461
-1	4396	4467
-1	4396	4474
-1	4396	4481
-1	4396	4484
-1	4396	4485
-1	4398	4426
-1	4398	2123
-1	4398	4396
-1	4398	4408
-1	4398	1500
-1	280	296
-1	280	281
-1	4402	4396
-1	4402	4408
-1	4402	4441
-1	1388	3932
-1	1382	1432
-1	1382	1513
-1	1382	1605
-1	1382	4408
-1	4408	1382
-1	4408	4396
-1	4408	4398
-1	4408	4402
-1	4409	4485
-1	4409	4396
-1	1381	1405
-1	4411	2914
-1	4411	4396
-1	4413	4396
-1	1381	1362
-1	1381	1352
-1	1381	1444
-1	1381	2409
-1	1381	1435
-1	269	246
-1	1362	1405
-1	266	254
-1	266	251
-1	4426	2914
-1	4426	4396
-1	4426	4398
-1	4427	4396
-1	266	250
-1	266	246
-1	265	246
-1	1362	1381
-1	1362	2914
-1	1362	1352
-1	1362	1444
-1	265	728
-1	254	250
-1	254	248
-1	254	246
-1	4439	2409
-1	4439	4396
-1	1362	1435
-1	1362	1427
-1	4441	4396
-1	4441	4402
-1	4445	4396
-1	1357	2557
-1	1357	2409
-1	4448	4396
-1	4450	4455
-1	4450	4396
-1	1352	1405
-1	4455	4450
-1	4455	4396
-1	4455	1500
-1	254	3950
-1	254	266
-1	4461	4396
-1	1352	1381
-1	1352	2914
-1	1352	1362
-1	1352	1444
-1	1352	2409
-1	1352	1435
-1	4467	4396
-1	1352	1427
-1	253	246
-1	4474	4396
-1	1346	391
-1	4481	4396
-1	4484	4396
-1	4485	2914
-1	4485	4396
-1	4485	4409
-1	1298	1290
-1	1294	1290
-1	1290	1294
-1	4503	2914
-1	1290	1298
-1	251	246
-1	251	266
-1	250	254
-1	250	246
-1	250	266
-1	248	246
-1	1234	19
-1	248	254
-1	246	254
-1	246	253
-1	246	251
-1	246	250
-1	1163	1157
-1	1157	1163
-1	246	248
-1	246	269
-1	246	266
-1	4991	4983
-1	1152	1078
-1	1147	1078
-1	1146	1078
-1	4557	4572
-1	4557	4584
-1	4557	4603
-1	1145	1078
-1	1145	1121
-1	1145	1112
-1	1141	1078
-1	1141	1112
-1	1137	1078
-1	1127	1087
-1	1127	1078
-1	1123	1078
-1	4572	4557
-1	4573	4599
-1	1121	1145
-1	1121	1078
-1	1113	2431
-1	1113	3808
-1	3325	3327
-1	3327	3328
-1	3327	3341
-1	3327	3357
-1	3327	3368
-1	3327	3325
-1	3328	3339
-1	3328	3341
-1	3328	3363
-1	3328	3368
-1	3328	3327
-1	3325	3316
-1	3325	3341
-1	3321	3316
-1	3321	3368
-1	3317	3368
-1	3316	3325
-1	3316	3321
-1	3316	3368
-1	3291	3284
-1	3284	3291
-1	3339	3328
-1	3341	3328
-1	3341	3325
-1	3341	3327
-1	3245	3233
-1	3233	3245
-1	3205	1664
-1	3357	3327
-1	3361	3368
-1	3363	3328
-1	3368	3328
-1	3368	3361
-1	3368	3316
-1	3368	3317
-1	3368	3321
-1	3368	3327
-1	3132	3127
-1	3132	3126
-1	3127	3132
-1	3127	3126
-1	3126	3132
-1	3126	3127
-1	1113	1078
-1	3103	3057
-1	3103	3096
-1	3381	3382
-1	3382	3381
-1	3103	3089
-1	3103	3075
-1	1113	281
-1	1112	1078
-1	1112	1141
-1	1112	1145
-1	246	265
-1	245	213
-1	245	107
-1	213	107
-1	3096	3103
-1	3096	3094
-1	3096	3089
-1	3096	3075
-1	3094	1405
-1	3094	3096
-1	3094	3075
-1	4584	4557
-1	3407	3728
-1	3407	2657
-1	3089	3103
-1	3089	3096
-1	3089	3083
-1	3089	3075
-1	3083	3057
-1	3083	3089
-1	3083	3075
-1	3078	3049
-1	3078	3042
-1	3075	3057
-1	3075	3103
-1	3075	3096
-1	3075	3094
-1	3075	3089
-1	3075	3083
-1	3057	3103
-1	4584	4599
-1	3057	3083
-1	3057	3075
-1	3435	347
-1	3049	3078
-1	3049	3042
-1	3042	3049
-1	3042	3078
-1	3456	3518
-1	3466	2823
-1	1105	1078
-1	3012	2929
-1	3004	4069
-1	3004	2929
-1	2986	2973
-1	3497	3566
-1	3497	3508
-1	2986	2969
-1	2986	2929
-1	2983	2929
-1	2979	2929
-1	2973	2986
-1	2973	2929
-1	2969	2929
-1	2969	2986
-1	3508	3497
-1	3508	3566
-1	3518	3456
-1	3518	4673
-1	3518	3532
-1	3518	2136
-1	1097	1078
-1	2929	3012
-1	2929	3004
-1	2929	2986
-1	3532	3518
-1	2929	2983
-1	2929	2979
-1	2929	2973
-1	2929	2969
-1	2914	1522
-1	2914	1513
-1	1087	1078
-1	2914	441
-1	2914	4503
-1	2914	1409
-1	2914	1405
-1	2914	1362
-1	2914	4426
-1	2914	1352
-1	2914	4411
-1	2914	4485
-1	1087	1127
-1	2914	1778
-1	2914	1734
-1	2914	198
-1	2914	2123
-1	2914	4116
-1	3566	3497
-1	3566	3508
-1	1078	1147
-1	1078	1146
-1	2914	4104
-1	2862	4074
-1	213	245
-1	198	2914
-1	2825	2782
-1	2825	2786
-1	2823	2782
-1	2823	3466
-1	2822	2782
-1	2805	2782
-1	2796	2782
-1	2790	2782
-1	2786	2782
-1	2786	2825
-1	2782	2805
-1	2782	2796
-1	2782	2790
-1	2782	2786
-1	2782	2825
-1	2782	2823
-1	2782	2822
-1	2777	2747
-1	3614	3635
-1	3614	3643
-1	2760	2747
-1	2747	2777
-1	2747	2760
-1	2744	2734
-1	2744	2727
-1	2742	2741
-1	2742	2727
-1	2741	2742
-1	2741	2727
-1	3625	3651
-1	2734	2727
-1	2734	2744
-1	2727	2744
-1	2727	2742
-1	2727	2741
-1	2727	2734
-1	2709	2700
-1	2709	1860
-1	1078	1145
-1	1078	1141
-1	1078	1137
-1	1078	1127
-1	2700	2709
-1	2700	2673
-1	2673	2700
-1	2673	2657
-1	2657	2673
-1	2657	3407
-1	3635	3614
-1	2613	2518
-1	2608	2223
-1	2608	2603
-1	2603	1014
-1	2603	2608
-1	2603	2223
-1	2603	2500
-1	1078	1123
-1	1078	1121
