0 46
1 6
2 4
3 6
4 8
5 5
6 6
7 1
8 6
9 2
10 4
11 3
12 10
14 4
15 5
16 8
17 9
18 7
19 11
20 3
21 5
22 2
23 2
24 4
25 1
26 2
27 4
28 5
29 4
30 6
31 4
32 5
33 3
34 1
35 2
36 4
37 4
38 10
39 4
40 2
41 4
42 1
43 4
44 1
45 2
46 3
47 1
48 1
49 1
50 2
51 1
52 12
53 10
54 1
55 3
56 3
57 4
58 2
59 4
60 4
61 2
62 4
63 4
64 8
65 2
66 2
67 3
68 1
69 4
70 1
71 1
72 4
73 2
74 9
75 4
76 1
77 2
78 2
79 4
80 3
81 7
82 4
83 9
84 6
85 6
86 1
87 26
88 5
89 6
90 6
91 2
92 3
93 9
94 1
95 80
96 4
97 8
98 3
99 8
100 2
101 4
102 3
103 2
104 7
105 2
106 1
107 1
108 2
109 4
110 11
111 4
112 4
113 2
114 4
115 2
116 1
117 6
118 5
119 1
120 6
121 4
122 4
123 2
124 1
125 2
126 2
127 3
128 4
129 3
130 4
131 12
132 1
133 3
134 13
135 6
137 2
138 4
139 1
140 8
142 5
143 2
144 2
145 1
146 7
147 3
149 4
150 12
151 2
153 1
154 1
155 3
156 3
157 2
158 3
159 3
160 4
161 6
162 2
163 1
164 7
165 3
166 4
167 4
168 23
169 5
170 2
171 3
172 1
173 1
174 1
175 1
176 2
177 2
178 2
179 1
180 2
181 8
182 7
183 1
184 2
185 7
186 7
187 4
188 1
189 8
190 1
191 3
192 4
193 5
194 2
195 2
196 4
197 1
198 5
199 3
200 2
201 1
202 118
203 1
204 7
205 2
206 1
207 3
208 4
209 3
210 2
211 6
212 1
213 7
214 2
215 1
216 1
217 1
218 3
219 1
220 4
221 2
222 2
223 15
224 1
225 1
226 2
227 2
228 1
229 6
230 1
231 2
232 1
233 10
234 3
235 2
236 1
237 2
238 3
239 3
240 6
241 1
242 8
243 3
244 1
245 6
246 32
247 3
248 4
249 1
250 4
251 3
252 3
253 4
254 5
255 5
256 4
257 2
259 2
261 3
262 1
265 4
266 13
267 3
269 2
271 1
273 3
274 11
275 2
276 4
277 2
278 2
279 5
280 33
281 3
282 3
283 4
284 11
285 11
287 5
288 2
289 4
290 4
291 2
292 3
293 2
294 3
295 3
297 4
298 4
299 6
300 4
301 3
302 1
303 3
304 3
305 2
306 1
307 1
308 1
309 1
310 3
311 3
312 7
313 1
314 1
315 1
317 1
318 2
319 3
320 1
321 1
322 1
323 2
324 1
325 3
326 9
327 3
328 8
329 7
330 2
331 3
332 9
335 3
336 60
337 2
338 8
339 6
340 3
341 1
343 12
344 1
345 2
348 1
349 4
350 4
351 12
352 10
353 2
354 2
355 2
357 1
358 1
359 4
361 2
362 6
363 5
364 5
366 6
367 15
368 5
369 2
370 2
371 13
372 3
373 2
375 2
376 4
377 5
378 3
379 3
380 4
381 9
382 4
383 2
384 2
385 24
386 4
387 12
388 2
389 2
390 1
391 1
392 1
393 1
394 8
396 1
397 2
398 6
399 9
402 7
403 9
404 9
405 1
406 1
407 9
408 8
409 9
410 7
411 2
413 2
414 1
415 21
417 8
418 11
419 13
420 13
421 7
422 15
423 9
424 2
425 5
426 9
427 4
428 4
429 4
430 1
432 6
433 7
434 8
436 6
437 12
438 8
439 4
440 1
441 3
442 2
443 3
444 3
445 1
446 2
447 2
448 2
449 2
450 2
451 3
452 2
453 4
454 3
455 7
456 1
457 4
458 1
459 1
460 1
461 2
462 12
463 3
464 1
465 5
466 1
467 1
468 5
469 2
470 1
471 1
472 2
473 4
474 3
475 1
476 3
477 1
478 3
479 1
480 1
481 1
482 40
483 3
484 2
485 19
486 1
487 2
488 3
489 2
490 2
491 3
492 1
493 2
495 3
497 2
498 2
499 5
500 1
501 2
502 2
504 1
505 6
506 5
507 2
508 5
509 3
510 2
512 2
513 1
514 1
515 3
516 1
517 2
518 1
520 5
521 4
522 100
523 4
524 1
525 4
526 5
527 2
528 3
529 3
531 8
532 3
533 1
534 4
536 6
537 4
538 5
539 1
540 6
541 4
542 3
543 5
544 2
545 3
547 6
548 3
549 2
550 6
551 5
552 3
553 3
554 9
555 1
556 4
557 1
558 4
559 7
560 24
561 1
562 4
563 4
564 1
565 5
566 25
567 4
568 2
569 6
570 6
572 8
573 3
574 10
575 14
576 42
577 6
578 1
579 7
581 2
582 3
583 3
585 1
586 3
587 3
588 3
589 3
590 5
591 8
592 4
593 1
594 3
595 6
596 1
597 9
598 5
600 6
601 3
602 4
604 4
605 4
606 9
607 1
608 4
609 2
610 1
611 3
612 7
613 3
614 5
615 15
616 5
617 1
618 6
619 7
620 2
621 36
622 9
623 6
624 5
625 1
626 6
627 5
628 3
629 3
630 3
631 1
632 1
633 2
634 2
635 1
636 5
637 1
638 17
639 3
640 4
641 1
642 10
643 10
644 10
645 1
646 8
647 9
648 1
649 1
651 10
652 10
653 10
654 1
655 10
656 163
659 1
660 8
661 1
662 1
663 3
664 7
666 4
667 7
668 4
669 1
670 5
672 3
673 4
674 4
675 2
676 4
677 12
678 1
679 3
680 12
681 7
682 3
683 5
684 2
685 3
686 5
687 1
688 1
689 5
690 5
691 4
692 4
693 7
694 2
695 6
696 7
697 1
698 7
701 2
702 3
704 5
705 4
706 2
708 4
709 1
710 1
711 3
712 1
713 4
714 3
715 2
716 1
717 1
718 1
719 2
721 1
722 1
723 1
724 4
725 6
726 3
727 2
728 18
729 2
730 2
731 2
732 8
733 1
734 2
735 11
736 5
737 2
738 1
739 10
740 2
741 1
742 3
743 1
744 1
745 1
746 2
747 2
748 4
749 5
751 3
752 3
753 2
754 2
755 1
756 4
757 1
758 10
759 10
760 1
761 4
762 10
763 1
764 4
765 2
766 3
767 1
768 12
769 2
770 2
771 2
772 2
773 2
774 11
775 2
776 5
778 2
779 3
781 3
783 2
784 2
786 2
787 2
788 1
789 7
790 3
791 3
792 2
795 9
797 4
798 1
799 2
800 1
801 1
802 2
803 2
804 2
805 3
806 5
807 7
808 2
810 1
811 2
813 1
815 3
816 1
817 1
818 1
819 1
820 3
821 4
822 6
823 2
824 3
825 6
826 8
827 2
828 1
829 9
830 1
831 4
832 2
833 2
834 3
835 1
836 1
837 1
838 4
839 10
840 2
841 8
842 8
843 2
844 8
845 8
846 6
848 8
849 1
850 6
851 1
852 2
853 2
854 1
856 1
857 1
858 2
859 1
860 3
861 2
862 1
864 15
865 13
866 14
867 15
868 14
869 12
871 9
872 2
873 2
874 9
875 11
876 12
877 13
878 15
879 14
880 1
881 2
882 24
883 8
885 4
886 8
887 8
888 4
889 11
890 9
891 11
892 1
893 6
894 9
895 3
896 2
897 6
898 4
899 8
900 1
901 4
902 4
903 5
904 8
905 4
906 3
907 2
908 1
909 3
910 1
911 12
913 5
915 2
916 2
917 3
918 7
919 6
920 3
922 2
923 3
924 1
925 1
926 3
927 1
928 1
929 2
930 1
931 1
932 1
933 3
934 117
935 1
936 3
938 1
939 3
940 1
941 5
942 9
943 6
944 2
945 6
946 1
947 3
948 5
949 2
950 3
951 8
952 6
955 4
956 9
957 3
958 1
960 3
961 6
962 2
963 3
964 4
965 2
967 1
970 2
971 1
972 3
973 4
974 1
975 14
976 1
977 2
980 1
981 1
982 3
984 2
985 2
986 2
987 10
988 3
989 1
990 1
991 1
992 1
993 1
994 1
995 7
996 4
997 1
998 1
999 3
1000 5
1001 6
1002 4
1003 1
1004 1
1005 2
1006 1
1007 1
1008 1
1009 3
1010 2
1011 4
1012 3
1013 5
1015 1
1016 2
1017 1
1018 1
1019 1
1020 1
1021 3
1022 4
1023 2
1025 1
1026 2
1028 2
1029 2
1030 2
1031 8
1034 2
1036 8
1037 2
1038 1
1039 4
1040 7
1041 8
1042 4
1043 2
1044 1
1047 2
1048 2
1049 4
1050 1
1051 8
1052 2
1053 1
1054 2
1055 2
1056 1
1057 1
1058 1
1059 6
1060 2
1061 2
1062 1
1063 1
1064 10
1065 1
1067 1
1068 2
1069 7
1070 2
1071 1
1073 9
1074 1
1075 1
1076 4
1077 11
1078 72
1080 8
1081 1
1082 3
1083 7
1084 4
1085 11
1086 1
1087 12
1088 7
1089 5
1090 5
1091 1
1092 1
1093 4
1094 4
1095 3
1096 6
1097 3
1098 2
1099 11
1100 2
1101 3
1102 2
1103 3
1104 1
1106 7
1107 4
1108 8
1109 1
1112 5
1113 9
1114 3
1115 5
1116 15
1117 3
1118 5
1119 9
1120 7
1121 6
1122 7
1123 2
1124 2
1125 8
1126 5
1127 8
1128 8
1129 2
1130 4
1131 8
1132 9
1133 8
1134 5
1135 3
1136 1
1137 15
1138 6
1139 6
1140 1
1141 4
1143 2
1144 3
1145 3
1146 2
1147 2
1148 2
1149 2
1150 31
1151 1
1152 1
1153 7
1154 1
1155 4
1156 75
1157 9
1158 6
1159 3
1160 4
1161 1
1162 1
1163 8
1164 11
1165 13
1166 9
1167 15
1168 1
1169 8
1170 21
1171 3
1172 5
1173 2
1174 1
1175 3
1176 4
1177 10
1178 8
1179 7
1180 4
1181 5
1182 2
1183 1
1184 15
1185 4
1186 8
1188 5
1189 9
1190 4
1191 5
1192 1
1193 1
1194 7
1196 5
1197 5
1198 1
1199 6
1200 8
1201 4
1202 3
1203 2
1204 4
1205 2
1206 3
1207 10
1208 1
1209 6
1210 4
1211 9
1212 3
1213 2
1215 10
1216 5
1217 3
1218 2
1219 1
1221 2
1222 2
1223 3
1224 6
1225 1
1226 7
1227 1
1228 3
1229 8
1230 7
1231 1
1232 1
1233 14
1234 2
1235 17
1236 1
1237 4
1238 5
1239 3
1240 1
1241 3
1242 4
1243 4
1244 3
1245 4
1246 1
1247 2
1248 5
1249 2
1250 3
1251 2
1252 3
1253 3
1254 1
1255 5
1256 1
1257 3
1258 2
1259 2
1260 1
1261 2
1262 1
1263 2
1264 1
1265 2
1266 1
1267 4
1268 2
1269 6
1270 7
1271 1
1272 5
1273 2
1274 3
1275 4
1276 3
1277 3
1278 4
1279 2
1280 4
1281 3
1282 3
1283 3
1284 13
1285 9
1286 1
1287 2
1288 6
1289 13
1290 15
1291 7
1292 14
1293 12
1294 9
1295 14
1296 12
1297 8
1298 7
1299 2
1300 1
1301 8
1302 10
1303 2
1304 3
1305 10
1306 3
1307 4
1308 6
1309 2
1310 2
1311 6
1312 8
1313 11
1314 4
1315 1
1317 26
1318 1
1319 3
1320 6
1321 4
1322 1
1323 6
1324 3
1325 4
1326 2
1327 5
1328 2
1329 3
1330 3
1331 3
1332 1
1333 9
1334 3
1335 5
1336 1
1337 7
1338 5
1339 6
1340 4
1341 2
1342 1
1343 5
1344 4
1345 5
1346 7
1347 109
1348 4
1349 22
1350 3
1351 5
1352 37
1353 2
1354 40
1355 39
1356 5
1357 11
1358 3
1359 37
1360 13
1361 1
1362 35
1363 1
1364 3
1365 3
1367 4
1368 2
1370 5
1371 40
1372 1
1373 8
1374 1
1375 10
1376 3
1377 6
1378 4
1379 31
1380 38
1381 33
1383 4
1384 50
1385 29
1388 10
1389 6
1390 34
1391 3
1392 44
1393 11
1394 18
1395 31
1396 29
1397 2
1398 1
1399 35
1401 2
1402 8
1403 4
1404 10
1405 29
1406 3
1407 3
1408 3
1409 6
1410 43
1411 5
1412 8
1413 1
1415 43
1416 41
1417 9
1418 2
1419 5
1420 1
1421 2
1422 14
1423 31
1424 3
1425 6
1427 1
1428 4
1429 8
1430 17
1431 10
1432 10
1433 3
1435 39
1436 5
1437 14
1438 5
1439 3
1440 2
1441 3
1442 16
1443 1
1444 27
1445 10
1446 17
1447 39
1448 8
1449 4
1450 42
1451 3
1452 6
1453 9
1454 4
1455 2
1456 9
1457 1
1458 4
1459 2
1460 1
1461 2
1462 1
1463 1
1464 2
1465 4
1466 4
1467 2
1468 7
1469 6
1470 5
1471 4
1472 9
1473 2
1474 2
1475 3
1476 1
1477 2
1478 1
1479 1
1480 1
1481 2
1482 1
1483 2
1484 27
1485 29
1486 27
1487 1
1488 38
1489 16
1490 1
1491 4
1492 1
1493 9
1494 2
1495 3
1496 3
1497 3
1498 1
1499 3
1500 8
1501 2
1502 4
1503 3
1504 1
1505 10
1506 6
1507 3
1508 2
1509 2
1510 3
1511 4
1512 4
1513 19
1514 5
1515 16
1516 7
1517 6
1518 6
1520 5
1521 12
1522 4
1523 1
1524 5
1525 3
1526 6
1527 2
1528 3
1529 3
1530 6
1531 1
1532 9
1533 1
1534 113
1535 3
1536 3
1537 5
1538 2
1539 3
1540 2
1541 2
1542 2
1543 24
1544 3
1545 30
1546 2
1548 1
1549 11
1550 36
1551 14
1552 2
1553 13
1554 24
1555 33
1556 7
1557 12
1558 3
1559 27
1560 5
1561 17
1562 40
1563 2
1564 29
1565 19
1566 7
1567 23
1568 17
1569 26
1570 23
1571 2
1572 8
1573 22
1574 2
1575 29
1576 6
1577 2
1578 1
1579 24
1580 15
1581 3
1582 1
1583 1
1584 16
1585 2
1586 28
1587 1
1589 2
1590 15
1591 25
1592 14
1594 36
1595 5
1596 7
1598 1
1599 2
1600 4
1601 2
1602 21
1603 11
1604 11
1605 3
1606 1
1607 2
1609 2
1610 20
1611 1
1612 19
1614 2
1615 3
1616 1
1617 7
1618 3
1619 2
1620 5
1621 1
1623 2
1624 1
1625 2
1626 1
1627 1
1628 4
1629 2
1630 1
1632 22
1633 3
1634 15
1635 11
1636 9
1637 5
1638 5
1639 1
1640 5
1641 1
1642 6
1643 3
1644 3
1645 4
1646 3
1647 2
1648 12
1649 7
1650 2
1651 4
1652 1
1653 1
1654 11
1655 2
1656 1
1657 50
1658 7
1659 6
1660 23
1661 8
1662 4
1663 13
1664 3
1665 5
1666 5
1668 8
1669 10
1670 15
1671 4
1672 10
1673 4
1674 2
1675 6
1676 11
1677 7
1678 6
1679 11
1680 6
1681 3
1682 7
1683 4
1684 1
1685 11
1686 17
1687 8
1688 16
1689 8
1690 4
1691 2
1692 11
1693 6
1694 24
1695 4
1696 1
1697 6
1698 7
1699 4
1700 7
1701 1
1703 8
1704 2
1705 15
1706 1
1707 13
1708 15
1709 3
1710 9
1711 11
1712 9
1713 9
1714 8
1715 10
1716 14
1717 2
1718 10
1719 3
1720 11
1721 6
1722 2
1723 10
1724 7
1725 5
1726 4
1727 7
1728 5
1729 5
1730 6
1731 19
1732 6
1733 5
1734 3
1735 2
1736 7
1737 2
1739 3
1740 3
1741 61
1742 8
1743 4
1744 6
1745 2
1746 1
1747 8
1748 13
1749 5
1751 10
1752 14
1753 7
1754 6
1755 9
1756 10
1757 21
1759 12
1760 11
1761 2
1762 2
1763 2
1764 3
1765 12
1766 18
1767 7
1768 9
1769 10
1770 6
1771 17
1773 2
1774 1
1775 5
1776 1
1777 6
1778 6
1779 1
1781 3
1782 5
1783 3
1784 4
1785 6
1786 6
1788 3
1789 1
1790 5
1791 2
1793 1
1794 2
1795 2
1796 1
1798 5
1799 2
1800 3
1801 5
1802 2
1803 2
1804 6
1805 5
1806 1
1807 3
1808 3
1809 13
1810 64
1811 2
1812 4
1813 10
1814 9
1815 7
1816 2
1817 4
1818 3
1819 11
1820 13
1821 6
1822 5
1823 6
1824 5
1825 2
1826 3
1827 4
1828 8
1829 4
1830 3
1831 4
1832 5
1833 8
1834 1
1835 4
1836 3
1837 3
1838 2
1839 2
1840 9
1841 6
1842 4
1843 3
1844 1
1845 1
1846 5
1847 1
1848 2
1849 5
1850 4
1851 2
1852 1
1853 7
1854 8
1855 3
1856 2
1857 3
1858 4
1859 8
1860 3
1861 6
1862 1
1863 6
1864 11
1865 2
1866 4
1867 3
1868 2
1869 1
1870 2
1871 2
1872 2
1873 1
1874 3
1875 4
1876 3
1877 2
1878 1
1879 3
1880 1
1881 1
1882 1
1883 3
1884 5
1885 1
1886 2
1887 2
1888 1
1889 3
1890 5
1891 1
1892 1
1893 3
1894 7
1896 1
1897 3
1898 2
1899 2
1900 4
1901 2
1902 2
1903 3
1904 3
1905 1
1906 2
1907 3
1908 1
1909 2
1910 1
1911 12
1912 3
1913 4
1914 3
1915 4
1916 1
1917 1
1918 3
1920 3
1921 1
1922 3
1923 6
1924 1
1925 1
1926 1
1927 2
1928 6
1929 2
1930 3
1932 2
1933 7
1935 4
1936 1
1937 6
1938 3
1939 3
1940 1
1941 4
1942 1
1943 6
1944 1
1945 3
1946 2
1947 2
1948 1
1949 1
1950 8
1951 1
1952 1
1953 1
1954 29
1955 3
1956 7
1957 3
1958 2
1959 9
1960 4
1961 3
1962 3
1963 4
1964 1
1965 3
1966 5
1967 6
1968 1
1970 1
1971 1
1972 2
1974 1
1975 5
1976 5
1977 4
1979 5
1982 4
1983 2
1984 4
1985 2
1986 2
1987 23
1988 5
1989 7
1990 7
1991 2
1992 3
1994 7
1995 1
1996 1
1997 3
1998 2
1999 1
2000 2
2001 1
2002 5
2003 7
2004 4
2005 5
2006 3
2007 1
2008 4
2009 4
2010 2
2011 4
2012 1
2013 1
2014 4
2015 1
2016 2
2017 90
2019 7
2020 2
2021 1
2022 6
2023 1
2024 1
2026 6
2027 3
2028 1
2030 3
2031 5
2032 1
2034 4
2036 1
2037 4
2038 1
2039 1
2040 9
2041 4
2042 2
2043 1
2044 3
2045 4
2046 6
2047 5
2048 3
2049 2
2050 6
2051 2
2052 3
2053 3
2054 3
2055 1
2056 4
2057 1
2058 2
2059 14
2060 4
2061 2
2062 2
2063 6
2065 4
2066 1
2067 7
2068 3
2069 6
2070 3
2071 2
2072 7
2073 3
2075 4
2076 3
2077 5
2078 2
2079 2
2080 5
2081 3
2082 3
2083 4
2084 12
2085 2
2086 2
2087 5
2089 6
2090 7
2092 2
2093 6
2094 1
2095 2
2096 5
2097 1
2098 2
2100 1
2101 3
2102 1
2103 3
2104 7
2105 1
2106 2
2107 2
2108 2
2109 7
2110 2
2111 1
2112 2
2113 5
2114 3
2115 3
2116 5
2117 3
2118 169
2119 4
2120 2
2121 2
2122 1
2123 5
2124 4
2125 12
2126 3
2127 2
2128 1
2129 34
2130 2
2131 7
2132 4
2133 20
2134 1
2135 20
2136 1
2137 3
2138 31
2139 31
2140 45
2141 3
2142 35
2143 50
2144 33
2145 6
2146 4
2147 41
2148 39
2149 4
2150 8
2151 3
2152 2
2153 3
2154 43
2155 1
2156 7
2157 19
2158 51
2159 1
2160 1
2161 1
2162 7
2163 50
2164 10
2165 2
2166 1
2167 2
2168 33
2169 8
2170 18
2171 3
2172 9
2173 1
2174 8
2175 3
2176 6
2177 1
2178 5
2179 2
2180 3
2181 6
2182 1
2183 7
2184 1
2185 1
2186 1
2187 2
2188 8
2189 43
2190 25
2191 2
2192 10
2193 18
2194 1
2195 28
2196 7
2197 4
2198 2
2199 9
2200 3
2201 7
2202 3
2203 5
2204 5
2205 34
2206 1
2207 1
2208 7
2209 1
2210 45
2211 63
2212 23
2213 22
2214 9
2215 3
2216 37
2217 24
2218 4
2219 26
2220 2
2221 1
2222 1
2223 5
2224 20
2225 3
2226 2
2227 1
2228 46
2229 22
2230 5
2231 5
2232 21
2233 5
2234 12
2235 10
2236 11
2237 22
2239 1
2240 29
2241 43
2242 2
2243 27
2244 28
2245 17
2246 4
2247 1
2248 26
2249 12
2250 3
2251 3
2252 7
2253 4
2254 28
2255 4
2256 6
2257 2
2258 19
2259 6
2260 41
2261 14
2262 39
2263 29
2264 3
2265 16
2266 15
2267 8
2268 24
2269 31
2270 2
2271 29
2272 3
2273 3
2274 24
2275 27
2276 5
2278 21
2279 24
2280 35
2281 7
2282 5
2283 25
2284 6
2285 1
2286 1
2287 2
2288 2
2289 11
2290 23
2291 36
2292 20
2293 11
2294 6
2295 1
2296 16
2297 20
2298 3
2299 2
2300 32
2301 13
2302 14
2303 8
2304 15
2305 17
2306 13
2307 1
2308 25
2309 14
2310 15
2311 7
2312 1
2313 12
2314 1
2315 9
2316 3
2317 4
2318 2
2319 27
2320 6
2321 18
2322 3
2323 2
2324 26
2325 7
2326 2
2327 1
2328 3
2329 1
2330 72
2331 4
2333 3
2334 7
2335 7
2336 7
2337 36
2339 11
2341 7
2342 9
2343 15
2344 30
2345 1
2347 9
2348 6
2349 4
2350 10
2352 12
2353 15
2354 1
2355 12
2356 26
2357 21
2358 4
2359 14
2360 11
2361 9
2362 15
2363 4
2364 19
2365 8
2366 9
2367 8
2368 4
2369 2
2370 35
2372 2
2373 2
2374 3
2375 4
2376 2
2377 9
2378 2
2379 12
2380 1
2381 7
2382 1
2383 4
2384 3
2385 6
2386 1
2387 4
2388 5
2389 8
2390 3
2391 1
2392 3
2393 8
2395 10
2396 1
2397 24
2398 3
2399 12
2400 3
2401 7
2402 10
2403 17
2404 1
2405 14
2406 36
2407 5
2408 3
2410 2
2411 5
2412 5
2413 10
2414 1
2416 3
2417 2
2418 2
2419 5
2420 2
2421 1
2422 3
2423 1
2424 3
2426 6
2427 6
2428 2
2429 1
2430 1
2431 3
2432 5
2433 1
2434 3
2435 1
2436 2
2438 2
2439 2
2440 3
2441 2
2442 2
2443 3
2444 3
2445 3
2446 2
2447 1
2448 1
2449 2
2450 1
2451 2
2452 1
2453 29
2454 17
2455 19
2456 20
2457 2
2458 16
2459 2
2460 15
2461 1
2462 8
2463 5
2464 9
2465 15
2466 14
2467 11
2468 6
2469 8
2470 4
2471 1
2472 7
2473 10
2474 2
2475 8
2476 1
2477 13
2478 7
2479 10
2480 1
2481 8
2482 1
2483 8
2484 14
2485 3
2486 6
2487 3
2488 5
2489 2
2490 4
2491 7
2492 2
2493 5
2494 3
2495 2
2496 10
2497 3
2498 2
2499 2
2500 2
2501 5
2502 3
2503 2
2504 3
2505 2
2506 2
2507 3
2508 1
2509 3
2510 3
2511 1
2512 1
2513 4
2514 8
2515 4
2516 7
2517 1
2518 6
2519 3
2520 6
2521 2
2522 2
2523 7
2524 5
2525 2
2526 2
2527 7
2528 4
2529 1
2530 2
2531 1
2532 1
2533 2
2534 22
2535 2
2536 1
2537 1
2538 2
2539 2
2540 3
2541 2
2542 4
2543 4
2544 11
2545 3
2546 3
2547 8
2548 1
2549 2
2550 2
2551 4
2552 5
2553 1
2554 5
2555 1
2556 1
2557 9
2558 4
2559 3
2560 3
2561 8
2562 1
2563 4
2564 1
2565 8
2566 1
2567 1
2568 8
2569 2
2570 1
2571 1
2572 6
2573 1
2574 10
2575 1
2576 3
2577 2
2578 1
2579 2
2580 2
2581 2
2582 2
2583 2
2584 2
2585 2
2586 1
2587 1
2588 9
2589 2
2590 1
2591 4
2592 1
2593 1
2594 1
2595 2
2596 2
2597 2
2598 2
2599 5
2600 1
2601 13
2602 3
2603 11
2604 1
2605 2
2606 9
2607 3
2608 17
2609 1
2610 3
2611 4
2612 4
2613 2
2614 3
2615 2
2616 2
2617 1
2618 1
2619 2
2620 1
2621 1
2622 3
2623 2
2624 4
2625 3
2626 2
2627 4
2628 1
2629 3
2630 2
2631 1
2632 5
2633 2
2634 5
2635 2
2636 2
2637 79
2638 2
2639 5
2640 4
2641 4
2642 1
2643 2
2644 10
2645 6
2646 10
2647 15
2648 9
2649 6
2650 5
2651 3
2652 2
2653 6
2655 8
2656 2
2657 6
2658 3
2659 28
2660 1
2662 8
2663 6
2664 6
2665 1
2666 17
2667 27
2668 14
2669 15
2670 11
2671 4
2672 3
2673 4
2674 8
2675 4
2676 3
2677 13
2678 10
2679 6
2680 9
2681 11
2682 6
2683 4
2684 6
2685 1
2686 6
2687 29
2688 7
2689 21
2690 2
2691 6
2692 8
2693 1
2694 5
2695 5
2696 3
2697 8
2698 10
2699 10
2700 13
2701 8
2702 4
2703 7
2704 9
2705 3
2706 6
2707 2
2708 14
2709 12
2710 4
2711 10
2714 3
2715 1
2716 2
2717 4
2718 1
2719 11
2720 13
2721 2
2722 2
2723 2
2724 2
2726 2
2727 6
2728 2
2729 2
2730 10
2731 6
2732 4
2733 2
2734 2
2735 14
2736 4
2737 7
2738 4
2739 7
2740 2
2741 5
2742 3
2743 3
2744 11
2745 1
2746 3
2747 35
2748 9
2749 6
2750 3
2751 6
2752 11
2755 9
2756 1
2757 7
2758 7
2759 5
2760 5
2761 1
2762 4
2764 3
2765 5
2766 5
2767 5
2768 2
2769 4
2770 2
2771 3
2772 1
2773 1
2774 1
2775 2
2777 4
2778 3
2779 3
2780 1
2781 11
2782 28
2783 4
2784 2
2785 4
2786 4
2788 2
2789 2
2790 2
2791 2
2792 2
2793 4
2794 2
2795 1
2797 2
2798 3
2799 1
2800 1
2801 1
2802 18
2803 1
2804 1
2805 1
2806 1
2807 2
2808 1
2809 1
2810 1
2811 1
2812 5
2813 5
2814 1
2815 2
2816 1
2817 1
2818 1
2819 2
2820 10
2821 1
2822 2
2823 6
2824 3
2825 5
2826 2
2827 5
2828 1
2829 2
2830 7
2831 3
2832 10
2833 5
2834 5
2835 6
2836 5
2837 5
2838 2
2839 1
2840 8
2841 1
2842 1
2843 39
2845 19
2846 3
2847 6
2848 14
2849 6
2850 4
2851 8
2852 8
2853 7
2854 9
2855 12
2856 1
2857 9
2858 1
2860 3
2861 5
2862 2
2863 8
2864 10
2865 1
2866 1
2867 2
2868 3
2869 7
2870 5
2871 5
2872 8
2873 16
2874 4
2875 8
2876 3
2877 3
2878 7
2880 5
2881 4
2882 1
2883 2
2884 1
2885 4
2886 5
2887 13
2888 1
2889 1
2890 6
2891 2
2892 3
2894 21
2895 2
2896 5
2897 2
2898 6
2899 3
2900 2
2901 2
2902 3
2903 5
2904 3
2905 5
2907 1
2908 2
2909 3
2910 4
2911 1
2912 4
2916 4
2917 5
2918 1
2919 1
2920 3
2921 3
2922 3
2923 3
2924 2
2925 1
2926 3
2927 2
2928 2
2929 83
2930 4
2931 4
2932 2
2933 1
2934 3
2935 1
2936 2
2937 1
2938 2
2939 3
2940 4
2941 1
2942 8
2943 2
2944 2
2945 5
2946 3
2947 1
2948 3
2949 5
2950 2
2951 2
2952 2
2953 1
2954 1
2955 2
2956 6
2957 10
2958 1
2959 5
2960 3
2961 11
2962 1
2963 1
2964 1
2965 5
2966 1
2967 15
2968 3
2969 15
2970 2
2971 6
2972 5
2973 5
2974 3
2975 1
2977 2
2978 2
2979 2
2980 1
2981 4
2982 2
2983 4
2984 7
2985 2
2986 9
2987 1
2988 2
2990 8
2991 5
2992 2
2994 2
2995 4
2996 3
2997 1
2998 1
2999 9
3000 4
3001 6
3002 1
3004 6
3005 2
3006 8
3007 3
3008 5
3009 4
3010 6
3011 3
3012 2
3013 3
3014 16
3015 3
3016 6
3017 3
3018 10
3019 5
3020 4
3021 3
3022 4
3023 1
3025 3
3026 4
3027 6
3028 2
3029 1
3030 3
3031 2
3032 8
3033 2
3034 6
3035 3
3036 3
3037 6
3038 3
3039 4
3040 68
3041 28
3042 11
3043 17
3044 23
3045 15
3046 22
3047 27
3048 33
3049 10
3050 3
3051 6
3052 16
3053 52
3054 28
3055 20
3056 36
3057 31
3058 8
3059 4
3060 22
3061 3
3062 28
3063 3
3064 34
3065 19
3066 32
3067 3
3068 14
3069 13
3070 11
3071 3
3072 34
3073 21
3074 37
3075 19
3076 11
3077 20
3078 7
3079 6
3080 21
3081 25
3082 3
3083 14
3084 15
3085 5
3086 9
3087 9
3088 24
3089 37
3090 2
3091 20
3092 33
3093 8
3094 12
3095 9
3096 30
3097 26
3098 9
3099 15
3100 10
3101 6
3102 1
3103 27
3104 2
3105 14
3106 11
3107 12
3108 15
3109 20
3110 2
3111 4
3112 4
3113 1
3114 2
3115 8
3116 7
3117 6
3118 4
3120 4
3121 9
3122 2
3123 5
3124 7
3125 3
3126 8
3129 9
3130 1
3131 3
3132 11
3133 2
3134 90
3135 8
3136 4
3137 2
3138 4
3139 1
3140 3
3141 14
3142 3
3143 2
3144 3
3145 9
3146 9
3147 9
3148 11
3149 2
3150 6
3152 12
3153 9
3154 5
3155 11
3157 1
3158 9
3159 6
3160 10
3161 5
3162 4
3163 7
3164 10
3165 6
3166 2
3167 7
3168 7
3169 5
3170 4
3171 16
3172 5
3173 3
3174 8
3175 38
3176 4
3177 6
3178 3
3179 6
3180 1
3181 3
3182 4
3183 5
3184 8
3185 5
3186 5
3187 3
3189 8
3190 7
3191 1
3193 4
3194 3
3195 3
3196 2
3197 1
3198 2
3199 5
3200 4
3201 3
3202 4
3204 6
3205 10
3206 4
3207 1
3209 7
3210 3
3211 2
3212 2
3213 7
3214 1
3215 1
3216 8
3217 2
3219 4
3221 5
3222 1
3223 1
3224 2
3225 5
3226 2
3227 2
3228 1
3229 2
3230 14
3231 14
3232 23
3233 6
3234 2
3235 1
3236 2
3237 7
3238 4
3239 4
3240 1
3241 2
3242 2
3243 1
3244 4
3245 5
3246 3
3247 2
3248 3
3249 1
3250 5
3251 1
3252 1
3253 2
3254 2
3255 1
3256 3
3257 1
3258 2
3259 1
3260 3
3261 2
3262 1
3263 5
3264 4
3265 1
3266 3
3267 1
3268 6
3269 1
3270 6
3271 1
3272 1
3273 2
3274 1
3275 2
3276 2
3277 2
3278 4
3279 1
3280 1
3281 5
3282 17
3283 2
3284 6
3285 4
3286 3
3287 10
3288 1
3289 1
3290 5
3291 2
3292 2
3293 1
3294 2
3295 3
3296 3
3297 2
3298 5
3299 3
3300 2
3301 5
3302 1
3303 4
3304 65
3305 8
3306 3
3307 5
3308 1
3309 12
3310 1
3311 2
3312 12
3313 6
3314 1
3315 24
3316 12
3317 8
3318 3
3319 6
3320 2
3321 11
3322 8
3323 3
3324 4
3325 11
3326 12
3327 23
3328 22
3329 8
3331 6
3332 22
3333 20
3334 12
3335 3
3336 9
3337 8
3338 12
3339 7
3340 4
3341 9
3342 8
3343 1
3344 19
3345 18
3346 12
3347 26
3348 8
3349 4
3350 11
3351 7
3352 14
3353 15
3354 15
3355 2
3356 13
3357 7
3358 4
3359 5
3360 10
3361 2
3362 15
3363 4
3364 3
3365 11
3366 7
3367 5
3368 29
3369 1
3370 9
3371 3
3372 9
3373 2
3374 9
3375 8
3376 7
3377 5
3378 9
3379 7
3380 1
3381 5
3382 4
3383 2
3384 1
3385 1
3386 1
3387 2
3388 1
3389 2
3390 44
3391 1
3392 3
3393 4
3394 4
3395 2
3396 1
3397 4
3398 9
3399 3
3400 3
3401 1
3403 3
3405 3
3406 1
3408 2
3409 1
3410 2
3411 3
3412 2
3413 4
3414 2
3415 3
3416 1
3417 2
3418 2
3419 2
3420 2
3421 3
3422 9
3423 3
3424 2
3425 1
3426 7
3427 4
3428 1
3429 3
3430 5
3431 3
3432 4
3433 4
3434 4
3435 5
3436 2
3437 3
3438 3
3439 2
3440 2
3441 2
3442 3
3443 1
3444 5
3445 4
3446 4
3447 1
3448 3
3449 2
3450 9
3451 2
3452 1
3453 8
3454 1
3455 4
3457 3
3458 3
3459 4
3460 2
3461 2
3462 4
3463 5
3464 2
3465 2
3466 10
3468 1
3469 5
3470 2
3471 3
3472 1
3473 1
3474 7
3475 2
3476 2
3477 1
3478 2
3479 1
3481 2
3482 9
3483 4
3484 2
3485 2
3486 1
3487 3
3488 1
3489 2
3490 8
3491 7
3492 3
3493 2
3494 4
3495 1
3496 3
3497 8
3498 1
3499 2
3500 3
3501 19
3502 1
3503 7
3504 3
3505 3
3506 6
3507 2
3508 6
3509 3
3510 2
3511 1
3512 10
3513 2
3514 3
3515 1
3516 2
3517 1
3518 18
3519 3
3520 2
3521 3
3522 2
3523 1
3524 1
3525 5
3526 3
3527 3
3528 2
3529 1
3530 2
3531 4
3532 3
3533 2
3534 1
3535 4
3536 4
3537 4
3538 6
3539 1
3540 1
3541 4
3542 5
3543 4
3544 3
3545 2
3546 8
3547 5
3548 5
3549 13
3550 1
3551 4
3552 1
3553 3
3555 2
3556 1
3558 5
3559 2
3560 3
3561 2
3562 1
3563 3
3564 1
3565 2
3566 9
3567 1
3568 3
3569 2
3570 2
3573 5
3574 6
3575 4
3576 4
3577 3
3578 3
3579 1
3581 1
3582 1
3583 5
3584 1
3585 5
3586 6
3587 2
3588 3
3589 9
3590 3
3591 2
3592 3
3593 3
3594 5
3595 1
3596 2
3597 2
3598 4
3599 8
3600 8
3601 1
3602 4
3603 2
3604 5
3605 1
3606 3
3607 1
3608 1
3609 8
3610 64
3611 9
3612 4
3613 9
3614 10
3615 7
3616 26
3617 10
3619 5
3620 17
3621 6
3622 4
3623 2
3624 2
3625 6
3626 28
3627 15
3628 38
3629 22
3630 8
3631 21
3632 14
3633 8
3634 57
3635 7
3636 22
3637 7
3638 10
3639 19
3640 21
3641 22
3642 10
3643 4
3644 7
3645 17
3646 6
3647 2
3648 4
3649 31
3650 11
3651 2
3652 10
3653 2
3654 3
3655 8
3656 2
3657 6
3658 6
3659 6
3660 20
3661 19
3662 18
3663 3
3664 5
3665 2
3666 21
3667 15
3669 3
3670 2
3671 37
3672 2
3673 3
3674 6
3675 8
3676 3
3677 4
3678 1
3679 13
3680 10
3681 2
3682 1
3683 4
3684 64
3686 3
3687 3
3688 3
3689 1
3690 2
3691 6
3692 9
3693 4
3694 4
3695 1
3696 2
3697 15
3698 2
3699 2
3700 2
3701 1
3702 14
3703 2
3706 7
3707 17
3708 1
3709 7
3710 7
3711 1
3712 15
3713 4
3714 3
3715 5
3716 5
3717 2
3718 2
3719 2
3721 2
3722 1
3723 1
3724 5
3725 3
3726 5
3728 6
3729 6
3730 3
3731 9
3733 14
3734 7
3735 3
3736 10
3737 2
3738 9
3739 1
3740 4
3741 3
3742 2
3743 5
3744 1
3745 7
3746 3
3747 1
3748 3
3749 3
3750 3
3751 16
3752 2
3753 2
3754 16
3755 1
3756 2
3757 11
3758 3
3759 1
3760 1
3761 15
3762 2
3763 1
3765 6
3766 8
3767 2
3768 1
3769 4
3770 16
3771 2
3772 1
3773 6
3774 1
3775 3
3776 1
3777 1
3778 5
3779 10
3780 5
3781 7
3783 1
3784 4
3785 7
3787 2
3788 2
3789 1
3790 2
3791 6
3792 5
3793 6
3794 3
3795 3
3796 3
3798 53
3799 13
3800 20
3801 29
3802 2
3803 4
3804 3
3805 2
3806 3
3807 3
3808 3
3809 2
3810 4
3811 10
3812 9
3813 9
3814 14
3815 2
3816 3
3817 1
3818 13
3819 1
3820 4
3821 5
3822 2
3823 4
3824 6
3825 1
3826 2
3827 11
3828 2
3829 11
3830 13
3831 7
3832 1
3833 8
3834 1
3835 7
3836 1
3837 3
3839 7
3840 4
3842 4
3843 3
3844 6
3845 4
3846 2
3847 2
3848 8
3849 5
3850 18
3851 1
3852 2
3853 9
3854 8
3855 7
3856 12
3857 3
3858 1
3859 12
3860 2
3861 3
3862 7
3863 6
3864 6
3865 1
3866 3
3867 9
3868 3
3869 10
3870 8
3871 2
3872 2
3873 387
3874 11
3875 1
3876 4
3877 2
3878 10
3879 11
3880 4
3881 3
3882 19
3883 7
3884 9
3885 8
3886 1
3887 4
3888 3
3889 11
3890 15
3891 3
3892 1
3893 2
3894 1
3895 8
3896 3
3897 4
3898 6
3899 2
3900 4
3901 6
3902 11
3903 15
3904 20
3905 26
3906 8
3907 20
3908 1
3909 8
3910 6
3911 8
3912 1
3913 3
3914 1
3915 1
3916 25
3917 1
3918 10
3919 3
3920 25
3921 3
3922 1
3923 6
3924 14
3925 2
3926 27
3927 14
3928 7
3929 1
3930 3
3931 25
3932 2
3933 7
3934 1
3935 3
3936 6
3937 12
3938 3
3939 2
3940 21
3941 3
3942 6
3943 6
3944 3
3945 2
3946 2
3947 3
3948 20
3949 7
3950 5
3951 3
3952 3
3953 10
3954 4
3955 8
3956 11
3957 17
3958 21
3959 12
3960 3
3961 2
3962 9
3963 2
3964 2
3965 6
3966 2
3967 1
3968 11
3969 6
3970 11
3971 32
3972 2
3973 15
3974 40
3975 8
3976 18
3977 23
3978 25
3979 9
3980 3
3981 1
3982 1
3983 2
3984 7
3985 3
3986 20
3987 2
3988 10
3989 1
3990 1
3991 4
3992 3
3993 3
3994 10
3995 5
3996 2
3997 11
3998 17
3999 16
4000 2
4001 11
4002 2
4003 3
4004 4
4005 1
4006 3
4008 4
4009 4
4010 8
4011 16
4012 2
4013 1
4014 15
4015 19
4016 17
4017 3
4018 2
4019 8
4020 4
4021 25
4022 10
4023 5
4024 1
4025 3
4026 3
4027 5
4028 1
4029 2
4030 6
4031 11
4032 5
4033 15
4034 2
4035 20
4036 10
4037 5
4038 2
4041 6
4042 2
4043 8
4044 11
4045 6
4046 33
4047 7
4048 15
4049 11
4050 1
4051 3
4052 7
4053 18
4054 3
4055 3
4056 2
4057 3
4058 3
4059 4
4060 3
4061 16
4062 1
4063 16
4064 6
4066 3
4067 10
4068 2
4069 20
4070 5
4071 1
4072 5
4073 5
4074 35
4075 6
4077 16
4078 6
4079 4
4081 4
4082 5
4083 11
4084 4
4086 6
4087 2
4088 2
4089 2
4090 2
4091 8
4092 5
4093 3
4094 5
4095 4
4096 2
4097 6
4098 1
4099 4
4100 1
4101 16
4102 10
4103 11
4104 12
4105 2
4106 2
4107 2
4108 17
4109 15
4110 6
4111 3
4112 4
4113 6
4114 7
4115 10
4116 4
4117 5
4118 8
4119 2
4120 2
4121 3
4122 4
4123 1
4124 1
4125 2
4127 12
4128 9
4129 7
4130 3
4131 22
4132 8
4134 11
4135 6
4136 12
4137 4
4138 3
4139 10
4140 2
4141 3
4142 3
4143 3
4144 1
4145 1
4146 5
4147 8
4148 3
4149 2
4150 6
4151 1
4152 6
4153 5
4156 3
4157 2
4158 6
4160 29
4161 2
4162 4
4163 15
4164 14
4166 18
4167 5
4168 1
4169 8
4170 2
4171 4
4172 2
4173 12
4174 4
4175 9
4176 6
4177 2
4178 1
4179 8
4180 1
4181 8
4182 16
4183 1
4184 8
4185 3
4186 2
4187 4
4188 2
4189 2
4190 17
4191 1
4192 3
4193 16
4194 1
4196 30
4197 13
4198 17
4199 4
4200 3
4201 15
4202 29
4203 2
4204 22
4205 2
4206 8
4207 13
4208 3
4209 2
4210 9
4211 12
4212 18
4213 4
4215 9
4216 2
4217 1
4219 2
4220 14
4221 6
4222 12
4223 9
4224 5
4225 2
4226 5
4227 1
4228 10
4229 1
4230 1
4231 32
4232 9
4233 5
4234 30
4235 2
4236 2
4237 10
4238 6
4239 14
4240 16
4241 5
4242 6
4243 9
4244 12
4245 4
4246 25
4247 7
4248 1
4249 1
4250 6
4251 4
4252 14
4253 10
4254 20
4255 5
4256 3
4257 4
4258 1
4259 2
4260 4
4261 11
4262 11
4263 8
4264 21
4265 7
4266 7
4267 19
4268 6
4269 21
4270 16
4271 1
4272 2
4273 2
4274 20
4275 2
4276 2
4277 17
4278 3
4279 27
4280 3
4281 24
4282 3
4283 4
4284 1
4285 8
4286 16
4287 7
4288 5
4289 28
4290 2
4291 3
4292 3
4293 3
4294 3
4295 35
4296 17
4297 8
4298 4
4299 10
4300 15
4301 14
4302 20
4303 6
4304 1
4305 2
4306 1
4307 2
4308 16
4309 3
4310 2
4311 3
4312 1
4313 3
4314 13
4315 15
4316 8
4317 1
4318 19
4319 1
4320 4
4321 7
4322 1
4323 8
4324 1
4325 3
4326 3
4327 62
4328 3
4329 1
4330 3
4331 7
4332 3
4333 2
4334 2
4335 4
4336 4
4337 4
4338 1
4339 8
4340 7
4341 4
4342 3
4343 2
4344 2
4345 3
4346 2
4347 1
4348 1
4349 8
4350 3
4351 4
4352 3
4353 1
4354 3
4355 3
4356 2
4357 1
4358 1
4359 5
4360 5
4361 5
4362 3
4363 6
4364 12
4365 1
4366 1
4367 2
4368 5
4369 1
4370 4
4371 6
4372 2
4373 1
4374 9
4375 10
4376 2
4377 1
4378 1
4379 2
4380 4
4381 11
4383 1
4384 3
4385 2
4386 1
4387 1
4388 8
4389 15
4390 2
4391 5
4392 1
4393 5
4394 3
4395 4
4396 93
4397 19
4398 19
4399 7
4400 15
4401 4
4402 13
4404 2
4405 11
4406 1
4407 12
4408 10
4409 6
4410 5
4411 2
4412 3
4413 3
4414 10
4415 7
4416 2
4417 7
4418 3
4420 17
4421 2
4422 12
4423 2
4424 16
4425 23
4426 9
4427 1
4428 10
4429 6
4430 2
4431 17
4432 7
4433 11
4434 2
4435 10
4436 9
4437 2
4438 9
4439 4
4440 11
4441 12
4442 9
4443 1
4445 1
4446 3
4447 21
4448 1
4449 2
4450 7
4451 13
4452 3
4453 3
4454 2
4455 22
4456 1
4457 7
4459 3
4460 7
4461 7
4462 11
4463 14
4464 19
4465 2
4466 5
4467 2
4468 2
4469 3
4470 5
4471 19
4472 4
4473 4
4474 7
4475 5
4476 5
4477 2
4478 9
4480 3
4481 2
4482 15
4483 16
4484 2
4485 7
4486 3
4487 8
4488 6
4489 1
4490 1
4491 2
4492 1
4493 37
4495 3
4496 3
4497 2
4498 1
4499 1
4500 6
4501 1
4502 1
4503 1
4505 2
4506 2
4507 1
4508 1
4510 1
4511 1
4512 1
4513 1
4514 1
4515 2
4517 2
4518 1
4519 1
4520 1
4521 3
4522 1
4523 2
4524 1
4525 5
4526 2
4527 15
4528 2
4529 1
4530 4
4531 83
4532 7
4533 22
4534 2
4535 34
4536 26
4537 22
4538 23
4539 19
4540 19
4541 14
4542 17
4543 5
4544 37
4545 22
4547 14
4548 4
4549 10
4550 13
4551 21
4552 2
4553 19
4554 9
4555 28
4556 11
4557 18
4558 6
4559 30
4560 8
4561 22
4562 4
4563 27
4564 7
4565 3
4567 31
4568 1
4569 7
4570 2
4571 7
4572 13
4573 12
4574 4
4575 18
4576 16
4577 4
4578 9
4579 9
4580 17
4582 4
4583 29
4584 21
4585 27
4586 21
4587 6
4588 7
4589 15
4590 4
4591 13
4592 7
4593 6
4594 10
4595 8
4596 16
4597 19
4598 16
4599 21
4600 8
4601 2
4602 3
4603 23
4604 24
4605 19
4606 3
4607 25
4608 14
4609 11
4610 10
4611 3
4612 26
4613 1
4614 5
4615 10
4616 6
4617 25
4618 2
4619 3
4620 6
4621 11
4622 4
4623 6
4625 17
4626 5
4627 4
4628 4
4629 7
4630 3
4631 5
4632 3
4633 10
4634 13
4635 1
4636 7
4637 4
4639 3
4640 11
4641 5
4642 5
4643 4
4644 2
4645 1
4646 2
4647 1
4648 2
4649 1
4650 1
4651 10
4652 1
4653 2
4654 2
4655 2
4656 1
4657 2
4658 2
4659 3
4660 1
4661 1
4662 4
4663 2
4664 32
4665 3
4666 3
4667 10
4668 1
4669 1
4670 5
4671 1
4672 3
4673 4
4674 2
4675 5
4676 4
4677 5
4678 3
4679 7
4680 6
4681 2
4682 8
4683 1
4684 7
4685 2
4686 3
4687 1
4689 4
4690 1
4691 1
4692 2
4693 1
4694 2
4695 7
4696 2
4697 4
4698 15
4699 6
4700 5
4701 12
4702 7
4703 15
4704 10
4705 15
4706 9
4707 12
4708 7
4709 10
4710 11
4711 2
4712 10
4713 14
4714 5
4715 1
4716 56
4717 14
4719 1
4720 12
4721 1
4722 6
4723 1
4724 3
4725 2
4726 4
4727 3
4728 6
4729 6
4730 2
4732 2
4733 4
4734 4
4735 1
4736 6
4737 3
4738 1
4740 7
4741 1
4742 2
4743 2
4745 1
4746 1
4747 1
4750 6
4751 5
4752 3
4753 3
4754 1
4756 1
4758 3
4759 2
4760 1
4761 1
4763 4
4765 3
4766 3
4767 2
4768 1
4769 1
4770 1
4771 1
4772 10
4773 1
4774 45
4776 4
4777 2
4778 4
4779 3
4780 1
4781 4
4782 6
4783 4
4784 3
4785 1
4786 1
4787 12
4788 3
4789 5
4790 2
4793 8
4794 1
4795 12
4796 1
4797 5
4798 1
4799 2
4800 1
4801 2
4802 1
4803 2
4804 6
4805 3
4806 6
4807 2
4808 5
4811 1
4812 3
4813 10
4814 1
4815 1
4816 1
4817 4
4818 2
4819 2
4820 1
4821 1
4822 1
4823 4
4824 7
4825 7
4826 2
4827 1
4828 7
4829 4
4831 6
4832 1
4833 5
4834 4
4835 25
4836 2
4837 1
4838 1
4839 7
4840 1
4841 15
4842 3
4843 2
4845 2
4846 1
4847 1
4848 2
4849 2
4850 3
4851 3
4852 2
4853 2
4855 2
4856 14
4857 1
4858 9
4859 5
4861 2
4862 3
4864 3
4865 2
4866 3
4867 4
4868 2
4870 5
4871 69
4872 9
4873 3
4874 1
4875 12
4876 3
4877 2
4878 8
4879 7
4880 13
4881 1
4882 8
4883 1
4884 10
4885 10
4886 3
4887 14
4888 3
4889 10
4890 7
4891 2
4892 3
4893 5
4894 1
4895 4
4896 2
4897 5
4898 2
4899 4
4900 3
4901 16
4902 2
4903 7
4904 5
4905 2
4906 8
4907 4
4908 7
4909 1
4910 3
4911 2
4912 2
4913 3
4914 6
4915 1
4916 8
4917 5
4918 4
4919 5
4920 3
4921 2
4922 5
4923 5
4924 4
4925 7
4926 2
4927 4
4928 1
4929 2
4930 5
4931 4
4932 7
4933 3
4934 6
4935 6
4936 3
4938 3
4939 1
4940 3
4941 5
4942 18
4943 1
4945 2
4946 1
4947 1
4948 4
4949 1
4950 1
4951 1
4952 3
4953 1
4954 1
4955 1
4956 2
4957 1
4958 1
4959 1
4960 2
4961 2
4962 2
4963 3
4964 1
4965 1
4966 1
4967 3
4968 1
4969 1
4970 1
4971 1
4972 2
4973 2
4974 4
4975 1
4976 2
4977 1
4978 1
4979 1
4981 5
4983 9
4984 1
4985 2
4986 2
4987 1
4988 2
4989 1
4990 3
4991 1
4992 2
4993 5
4994 4
4995 2
4996 3
4998 2
4999 5
5000 2
