0 94
1 8
2 5
3 5
4 10
5 4
6 7
7 2
8 7
9 1
10 4
11 2
12 14
13 9
14 4
15 4
16 9
17 9
18 7
19 35
20 3
21 8
22 2
23 1
24 6
25 1
26 3
27 4
28 8
29 4
30 6
31 4
32 5
33 2
34 1
35 1
36 4
37 4
38 9
39 3
40 2
41 4
42 1
43 3
44 1
45 2
46 3
47 1
48 1
49 2
50 2
51 1
52 11
53 9
54 1
55 3
56 2
57 4
58 6
59 4
60 4
61 2
62 3
63 3
64 8
65 1
66 1
67 3
68 1
69 3
70 1
71 1
72 4
73 3
74 8
75 4
76 1
77 2
78 2
79 5
80 4
81 7
82 3
83 8
84 6
85 6
86 1
87 26
88 4
89 6
90 6
91 2
92 3
93 9
94 1
95 151
96 6
97 8
98 5
99 7
100 5
101 5
102 4
103 2
104 6
105 2
106 1
107 5
108 2
109 7
110 11
111 3
112 4
113 1
114 4
115 5
116 2
117 6
118 5
119 2
120 9
121 3
122 6
123 5
124 1
125 4
126 2
127 11
128 6
129 3
130 3
131 12
132 1
133 4
134 23
135 6
136 1
137 2
138 4
139 2
140 13
141 1
142 4
143 3
144 3
145 1
146 8
147 2
148 1
149 4
150 12
151 3
152 1
153 3
154 1
155 3
156 3
157 2
158 3
159 3
160 4
161 6
162 3
163 1
164 6
165 2
166 6
167 4
168 25
169 5
170 2
171 2
172 1
173 1
174 1
175 1
176 1
177 1
178 2
179 2
180 1
181 7
182 6
183 1
184 2
185 7
186 8
187 3
188 1
189 9
190 1
191 2
192 4
193 6
194 1
195 1
196 3
197 1
198 6
199 2
200 2
201 1
202 123
203 1
204 7
205 1
206 1
207 3
208 3
209 3
210 2
211 5
212 1
213 8
214 2
215 1
216 1
217 2
218 3
219 1
220 4
221 2
222 2
223 16
224 1
225 1
226 2
227 1
228 1
229 6
230 1
231 2
232 1
233 10
234 2
235 2
236 1
237 2
238 3
239 3
240 8
241 1
242 8
243 3
244 1
245 6
246 33
247 5
248 4
249 1
250 6
251 3
252 4
253 4
254 8
255 4
256 5
257 3
258 3
259 3
260 1
261 5
262 2
263 1
264 2
265 4
266 13
267 3
268 2
269 2
270 2
271 1
272 2
273 3
274 10
275 2
276 5
277 2
278 4
279 5
280 34
281 3
282 3
283 3
284 11
285 12
286 2
287 6
288 2
289 4
290 6
291 1
292 3
293 2
294 3
295 3
296 2
297 4
298 5
299 6
300 4
301 3
302 1
303 3
304 3
305 2
306 1
307 1
308 2
309 1
310 2
311 3
312 7
313 1
314 1
315 1
316 2
317 8
318 4
319 2
320 1
321 1
322 1
323 3
324 1
325 4
326 9
327 7
328 7
329 8
330 5
331 5
332 8
333 3
334 1
335 4
336 61
337 4
338 12
339 7
340 3
341 2
342 2
343 15
344 1
345 2
346 2
347 2
348 2
349 4
350 4
351 13
352 12
353 1
354 2
355 2
356 2
357 1
358 1
359 4
360 1
361 2
362 5
363 7
364 4
365 2
366 5
367 15
368 12
369 2
370 4
371 13
372 3
373 2
374 1
375 2
376 4
377 5
378 3
379 3
380 4
381 10
382 4
383 5
384 3
385 24
386 4
387 15
388 2
389 2
390 6
391 2
392 2
393 1
394 8
395 1
396 1
397 2
398 12
399 9
400 5
401 9
402 9
403 9
404 10
405 1
406 1
407 9
408 10
409 9
410 7
411 1
412 3
413 1
414 1
415 21
416 1
417 8
418 11
419 13
420 12
421 14
422 15
423 10
424 3
425 6
426 9
427 5
428 4
429 4
430 1
431 1
432 6
433 14
434 8
435 2
436 6
437 24
438 9
439 16
440 1
441 3
442 2
443 3
444 4
445 1
446 2
447 3
448 2
449 3
450 3
451 3
452 3
453 3
454 3
455 7
456 1
457 4
458 1
459 1
460 2
461 2
462 12
463 3
464 1
465 5
466 2
467 1
468 4
469 2
470 1
471 1
472 2
473 3
474 4
475 1
476 4
477 1
478 3
479 1
480 1
481 1
482 39
483 2
484 3
485 19
486 1
487 1
488 3
489 2
490 2
491 3
492 3
493 2
494 2
495 2
496 1
497 3
498 2
499 5
500 1
501 3
502 1
503 20
504 3
505 6
506 5
507 2
508 5
509 3
510 2
511 2
512 2
513 1
514 1
515 3
516 1
517 2
518 1
519 1
520 5
521 4
522 119
523 4
524 4
525 3
526 4
527 3
528 4
529 4
530 2
531 8
532 2
533 1
534 3
535 2
536 6
537 4
538 5
539 1
540 7
541 7
542 2
543 5
544 6
545 3
546 9
547 5
548 4
549 2
550 5
551 5
552 3
553 2
554 8
555 6
556 3
557 5
558 5
559 7
560 26
561 1
562 8
563 4
564 2
565 4
566 25
567 4
568 2
569 6
570 8
571 2
572 9
573 8
574 10
575 14
576 42
577 5
578 3
579 6
580 6
581 5
582 2
583 2
584 1
585 1
586 4
587 3
588 2
589 2
590 5
591 7
592 4
593 1
594 7
595 6
596 1
597 8
598 9
599 1
600 7
601 4
602 3
603 2
604 3
605 3
606 8
607 1
608 3
609 4
610 1
611 2
612 6
613 2
614 5
615 14
616 5
617 2
618 5
619 7
620 2
621 37
622 9
623 6
624 4
625 1
626 5
627 5
628 3
629 3
630 3
631 1
632 1
633 2
634 1
635 1
636 6
637 1
638 17
639 3
640 4
641 1
642 13
643 12
644 12
645 10
646 12
647 11
648 9
649 8
650 9
651 10
652 12
653 10
654 2
655 10
656 182
657 1
658 4
659 1
660 17
661 1
662 2
663 5
664 6
665 1
666 3
667 8
668 4
669 1
670 7
671 3
672 7
673 5
674 6
675 2
676 4
677 11
678 4
679 2
680 13
681 6
682 3
683 6
684 3
685 5
686 5
687 1
688 3
689 5
690 4
691 3
692 9
693 6
694 2
695 8
696 7
697 1
698 7
699 8
700 1
701 2
702 3
703 1
704 6
705 5
706 2
707 1
708 4
709 1
710 1
711 2
712 1
713 4
714 6
715 2
716 1
717 1
718 1
719 3
720 2
721 2
722 1
723 1
724 4
725 7
726 4
727 3
728 18
729 3
730 2
731 3
732 11
733 1
734 2
735 12
736 5
737 3
738 1
739 11
740 2
741 1
742 3
743 1
744 3
745 4
746 2
747 2
748 5
749 5
750 1
751 2
752 3
753 9
754 2
755 4
756 4
757 2
758 9
759 14
760 4
761 4
762 10
763 2
764 4
765 2
766 3
767 2
768 14
769 2
770 10
771 3
772 2
773 2
774 11
775 3
776 7
777 2
778 11
779 3
780 1
781 3
782 2
783 2
784 1
785 1
786 3
787 3
788 2
789 7
790 4
791 3
792 3
793 1
794 1
795 9
796 1
797 6
798 1
799 2
800 1
801 1
802 2
803 2
804 2
805 5
806 5
807 8
808 2
809 1
810 1
811 2
812 1
813 1
814 1
815 4
816 1
817 1
818 1
819 1
820 4
821 4
822 5
823 2
824 3
825 5
826 8
827 2
828 2
829 9
830 1
831 4
832 2
833 2
834 3
835 1
836 1
837 1
838 4
839 13
840 2
841 8
842 8
843 8
844 8
845 7
846 7
847 3
848 8
849 1
850 7
851 1
852 2
853 6
854 1
855 1
856 1
857 1
858 2
859 1
860 3
861 2
862 2
863 1
864 15
865 14
866 14
867 14
868 14
869 15
870 9
871 14
872 14
873 13
874 11
875 15
876 15
877 15
878 15
879 15
880 1
881 2
882 25
883 8
884 2
885 4
886 10
887 7
888 4
889 10
890 11
891 11
892 1
893 5
894 9
895 3
896 3
897 6
898 4
899 9
900 1
901 4
902 4
903 5
904 7
905 4
906 2
907 2
908 2
909 3
910 1
911 12
912 1
913 5
914 1
915 2
916 4
917 3
918 7
919 6
920 3
921 1
922 2
923 3
924 2
925 1
926 3
927 6
928 1
929 2
930 1
931 1
932 1
933 3
934 129
935 1
936 2
937 2
938 1
939 4
940 1
941 4
942 8
943 5
944 3
945 5
946 1
947 3
948 4
949 2
950 3
951 9
952 6
953 1
954 1
955 3
956 8
957 3
958 2
959 1
960 4
961 6
962 4
963 3
964 3
965 1
966 3
967 1
968 1
969 2
970 3
971 3
972 3
973 4
974 1
975 14
976 1
977 1
978 1
979 1
980 1
981 1
982 2
983 1
984 1
985 2
986 2
987 11
988 3
989 2
990 2
991 1
992 1
993 1
994 1
995 10
996 3
997 1
998 1
999 2
1000 4
1001 6
1002 3
1003 1
1004 1
1005 1
1006 1
1007 1
1008 1
1009 3
1010 1
1011 4
1012 3
1013 5
1014 2
1015 1
1016 1
1017 1
1018 1
1019 2
1020 3
1021 3
1022 4
1023 2
1024 1
1025 1
1026 2
1027 1
1028 2
1029 4
1030 2
1031 7
1032 4
1033 1
1034 2
1035 1
1036 7
1037 2
1038 1
1039 4
1040 7
1041 8
1042 4
1043 3
1044 1
1045 4
1046 1
1047 3
1048 5
1049 4
1050 2
1051 7
1052 4
1053 1
1054 2
1055 2
1056 1
1057 1
1058 1
1059 8
1060 3
1061 2
1062 1
1063 1
1064 13
1065 1
1066 1
1067 5
1068 4
1069 6
1070 4
1071 2
1072 2
1073 8
1074 1
1075 1
1076 4
1077 13
1078 78
1079 2
1080 8
1081 2
1082 3
1083 7
1084 5
1085 14
1086 1
1087 11
1088 9
1089 4
1090 5
1091 1
1092 1
1093 3
1094 3
1095 2
1096 6
1097 3
1098 2
1099 11
1100 13
1101 4
1102 2
1103 3
1104 1
1105 1
1106 7
1107 3
1108 8
1109 1
1110 11
1111 4
1112 5
1113 35
1114 8
1115 6
1116 15
1117 4
1118 4
1119 9
1120 7
1121 8
1122 8
1123 2
1124 3
1125 8
1126 5
1127 8
1128 8
1129 4
1130 4
1131 8
1132 9
1133 8
1134 7
1135 6
1136 2
1137 14
1138 7
1139 6
1140 2
1141 4
1142 1
1143 5
1144 3
1145 5
1146 2
1147 2
1148 2
1149 2
1150 32
1151 1
1152 1
1153 6
1154 1
1155 4
1156 79
1157 10
1158 7
1159 7
1160 4
1161 1
1162 1
1163 8
1164 10
1165 13
1166 8
1167 16
1168 1
1169 7
1170 21
1171 3
1172 4
1173 2
1174 2
1175 5
1176 5
1177 9
1178 9
1179 8
1180 7
1181 4
1182 2
1183 3
1184 17
1185 4
1186 8
1187 1
1188 4
1189 9
1190 3
1191 7
1192 1
1193 1
1194 7
1195 2
1196 5
1197 5
1198 9
1199 10
1200 8
1201 4
1202 3
1203 3
1204 6
1205 2
1206 3
1207 11
1208 1
1209 8
1210 5
1211 9
1212 3
1213 3
1214 6
1215 9
1216 7
1217 2
1218 2
1219 1
1220 39
1221 2
1222 3
1223 3
1224 6
1225 1
1226 7
1227 1
1228 7
1229 8
1230 9
1231 1
1232 1
1233 13
1234 2
1235 29
1236 1
1237 4
1238 4
1239 2
1240 4
1241 2
1242 3
1243 3
1244 2
1245 4
1246 1
1247 2
1248 5
1249 2
1250 3
1251 3
1252 5
1253 3
1254 1
1255 5
1256 1
1257 3
1258 2
1259 2
1260 1
1261 3
1262 1
1263 2
1264 1
1265 3
1266 49
1267 4
1268 2
1269 6
1270 7
1271 1
1272 6
1273 2
1274 4
1275 6
1276 3
1277 2
1278 3
1279 2
1280 4
1281 2
1282 2
1283 3
1284 15
1285 9
1286 1
1287 2
1288 10
1289 13
1290 15
1291 9
1292 14
1293 12
1294 8
1295 13
1296 13
1297 8
1298 7
1299 2
1300 1
1301 7
1302 9
1303 3
1304 3
1305 9
1306 3
1307 3
1308 6
1309 2
1310 3
1311 6
1312 8
1313 10
1314 4
1315 2
1316 1
1317 30
1318 1
1319 2
1320 6
1321 5
1322 1
1323 6
1324 4
1325 4
1326 3
1327 4
1328 2
1329 3
1330 3
1331 3
1332 1
1333 9
1334 3
1335 5
1336 1
1337 7
1338 5
1339 7
1340 4
1341 3
1342 4
1343 4
1344 4
1345 5
1346 7
1347 140
1348 7
1349 22
1350 3
1351 4
1352 39
1353 3
1354 39
1355 38
1356 8
1357 10
1358 5
1359 36
1360 13
1361 1
1362 37
1363 1
1364 15
1365 4
1366 11
1367 3
1368 1
1369 2
1370 4
1371 40
1372 1
1373 33
1374 1
1375 18
1376 3
1377 6
1378 4
1379 31
1380 39
1381 33
1382 21
1383 6
1384 53
1385 29
1386 1
1387 7
1388 11
1389 6
1390 33
1391 3
1392 44
1393 12
1394 30
1395 33
1396 28
1397 7
1398 1
1399 35
1400 1
1401 1
1402 24
1403 4
1404 16
1405 35
1406 5
1407 6
1408 3
1409 5
1410 42
1411 4
1412 7
1413 3
1414 5
1415 42
1416 42
1417 8
1418 2
1419 5
1420 1
1421 16
1422 20
1423 31
1424 2
1425 21
1426 4
1427 13
1428 17
1429 21
1430 27
1431 17
1432 11
1433 4
1434 3
1435 38
1436 5
1437 14
1438 4
1439 3
1440 11
1441 3
1442 26
1443 1
1444 31
1445 9
1446 19
1447 39
1448 8
1449 4
1450 42
1451 3
1452 6
1453 8
1454 3
1455 5
1456 9
1457 1
1458 6
1459 1
1460 1
1461 1
1462 1
1463 1
1464 1
1465 4
1466 5
1467 5
1468 7
1469 7
1470 5
1471 4
1472 8
1473 2
1474 2
1475 2
1476 1
1477 1
1478 1
1479 1
1480 1
1481 1
1482 1
1483 1
1484 27
1485 29
1486 27
1487 1
1488 46
1489 16
1490 2
1491 4
1492 1
1493 8
1494 2
1495 3
1496 3
1497 6
1498 1
1499 3
1500 8
1501 1
1502 4
1503 3
1504 3
1505 10
1506 6
1507 3
1508 2
1509 3
1510 2
1511 3
1512 5
1513 18
1514 6
1515 16
1516 6
1517 5
1518 7
1519 6
1520 5
1521 12
1522 4
1523 2
1524 5
1525 3
1526 6
1527 1
1528 3
1529 3
1530 6
1531 1
1532 9
1533 1
1534 122
1535 4
1536 5
1537 6
1538 1
1539 2
1540 2
1541 2
1542 2
1543 33
1544 2
1545 36
1546 5
1547 2
1548 1
1549 12
1550 45
1551 16
1552 4
1553 14
1554 24
1555 33
1556 7
1557 13
1558 2
1559 38
1560 6
1561 17
1562 40
1563 2
1564 31
1565 25
1566 13
1567 24
1568 17
1569 27
1570 27
1571 1
1572 8
1573 27
1574 2
1575 30
1576 6
1577 2
1578 17
1579 24
1580 20
1581 5
1582 1
1583 1
1584 16
1585 1
1586 35
1587 3
1588 2
1589 2
1590 18
1591 27
1592 16
1593 1
1594 37
1595 5
1596 8
1597 1
1598 2
1599 2
1600 4
1601 2
1602 21
1603 10
1604 10
1605 4
1606 2
1607 1
1608 1
1609 3
1610 22
1611 3
1612 19
1613 2
1614 2
1615 2
1616 1
1617 23
1618 3
1619 1
1620 6
1621 1
1622 1
1623 2
1624 1
1625 1
1626 1
1627 1
1628 3
1629 2
1630 11
1631 1
1632 21
1633 3
1634 15
1635 11
1636 10
1637 4
1638 4
1639 1
1640 4
1641 1
1642 6
1643 3
1644 3
1645 3
1646 3
1647 2
1648 11
1649 7
1650 2
1651 5
1652 2
1653 1
1654 12
1655 2
1656 1
1657 80
1658 12
1659 21
1660 23
1661 8
1662 6
1663 15
1664 18
1665 4
1666 7
1667 12
1668 7
1669 10
1670 18
1671 6
1672 12
1673 14
1674 3
1675 6
1676 10
1677 7
1678 6
1679 13
1680 8
1681 3
1682 6
1683 4
1684 1
1685 14
1686 17
1687 7
1688 24
1689 29
1690 4
1691 2
1692 11
1693 5
1694 26
1695 4
1696 2
1697 6
1698 7
1699 4
1700 7
1701 1
1702 1
1703 8
1704 2
1705 14
1706 1
1707 17
1708 17
1709 3
1710 11
1711 13
1712 14
1713 9
1714 9
1715 14
1716 13
1717 2
1718 12
1719 4
1720 11
1721 7
1722 1
1723 9
1724 7
1725 5
1726 5
1727 7
1728 5
1729 5
1730 6
1731 20
1732 6
1733 5
1734 3
1735 2
1736 7
1737 2
1738 3
1739 3
1740 2
1741 68
1742 8
1743 4
1744 8
1745 12
1746 1
1747 9
1748 13
1749 6
1750 3
1751 11
1752 16
1753 7
1754 6
1755 18
1756 11
1757 21
1758 2
1759 12
1760 12
1761 1
1762 1
1763 4
1764 3
1765 11
1766 18
1767 7
1768 10
1769 11
1770 5
1771 17
1772 29
1773 1
1774 6
1775 5
1776 3
1777 8
1778 10
1779 1
1780 4
1781 2
1782 5
1783 2
1784 4
1785 8
1786 6
1787 6
1788 2
1789 1
1790 5
1791 3
1792 1
1793 1
1794 2
1795 2
1796 1
1797 17
1798 4
1799 2
1800 3
1801 5
1802 2
1803 1
1804 7
1805 5
1806 1
1807 3
1808 3
1809 13
1810 84
1811 4
1812 4
1813 10
1814 12
1815 7
1816 1
1817 5
1818 4
1819 10
1820 13
1821 5
1822 5
1823 8
1824 4
1825 1
1826 4
1827 4
1828 8
1829 3
1830 2
1831 5
1832 4
1833 8
1834 1
1835 4
1836 4
1837 3
1838 2
1839 2
1840 9
1841 7
1842 3
1843 2
1844 2
1845 4
1846 4
1847 2
1848 2
1849 4
1850 4
1851 2
1852 1
1853 7
1854 9
1855 2
1856 2
1857 4
1858 3
1859 8
1860 16
1861 6
1862 1
1863 6
1864 11
1865 2
1866 4
1867 3
1868 2
1869 1
1870 3
1871 1
1872 2
1873 1
1874 3
1875 3
1876 2
1877 1
1878 1
1879 3
1880 1
1881 2
1882 1
1883 3
1884 5
1885 1
1886 1
1887 1
1888 1
1889 3
1890 4
1891 1
1892 1
1893 3
1894 6
1895 16
1896 1
1897 2
1898 2
1899 1
1900 3
1901 2
1902 1
1903 4
1904 4
1905 1
1906 2
1907 3
1908 1
1909 2
1910 1
1911 17
1912 3
1913 4
1914 3
1915 4
1916 1
1917 2
1918 27
1919 3
1920 3
1921 1
1922 3
1923 5
1924 1
1925 1
1926 1
1927 2
1928 5
1929 3
1930 3
1931 1
1932 2
1933 6
1934 1
1935 4
1936 18
1937 5
1938 3
1939 3
1940 1
1941 3
1942 1
1943 8
1944 1
1945 2
1946 2
1947 2
1948 1
1949 1
1950 8
1951 1
1952 1
1953 2
1954 32
1955 3
1956 6
1957 3
1958 2
1959 8
1960 3
1961 3
1962 4
1963 3
1964 1
1965 3
1966 5
1967 5
1968 1
1969 1
1970 1
1971 1
1972 2
1973 3
1974 1
1975 4
1976 4
1977 4
1978 1
1979 5
1980 1
1981 1
1982 4
1983 1
1984 4
1985 2
1986 2
1987 29
1988 4
1989 7
1990 8
1991 2
1992 2
1993 2
1994 7
1995 2
1996 1
1997 3
1998 5
1999 2
2000 2
2001 1
2002 5
2003 9
2004 4
2005 5
2006 2
2007 1
2008 4
2009 4
2010 2
2011 4
2012 1
2013 1
2014 5
2015 1
2016 2
2017 101
2018 1
2019 6
2020 3
2021 1
2022 6
2023 1
2024 1
2025 1
2026 6
2027 13
2028 2
2029 5
2030 3
2031 5
2032 5
2033 1
2034 5
2035 1
2036 19
2037 3
2038 1
2039 1
2040 11
2041 4
2042 2
2043 8
2044 2
2045 4
2046 6
2047 6
2048 3
2049 6
2050 6
2051 2
2052 3
2053 3
2054 4
2055 1
2056 4
2057 1
2058 2
2059 16
2060 3
2061 2
2062 2
2063 6
2064 2
2065 3
2066 2
2067 7
2068 3
2069 6
2070 2
2071 1
2072 7
2073 4
2074 2
2075 4
2076 4
2077 5
2078 3
2079 2
2080 4
2081 3
2082 3
2083 3
2084 13
2085 2
2086 2
2087 6
2088 1
2089 6
2090 10
2091 7
2092 2
2093 6
2094 2
2095 2
2096 5
2097 1
2098 2
2099 1
2100 1
2101 2
2102 1
2103 3
2104 7
2105 1
2106 2
2107 2
2108 4
2109 8
2110 2
2111 1
2112 1
2113 5
2114 2
2115 3
2116 5
2117 3
2118 212
2119 3
2120 2
2121 2
2122 1
2123 5
2124 4
2125 17
2126 7
2127 2
2128 1
2129 34
2130 3
2131 7
2132 3
2133 20
2134 1
2135 23
2136 2
2137 2
2138 36
2139 33
2140 46
2141 3
2142 42
2143 50
2144 34
2145 6
2146 3
2147 44
2148 39
2149 3
2150 20
2151 2
2152 1
2153 3
2154 43
2155 1
2156 8
2157 19
2158 51
2159 1
2160 2
2161 1
2162 8
2163 52
2164 10
2165 1
2166 2
2167 3
2168 43
2169 8
2170 17
2171 2
2172 11
2173 1
2174 18
2175 2
2176 7
2177 3
2178 8
2179 1
2180 3
2181 6
2182 1
2183 8
2184 1
2185 1
2186 1
2187 2
2188 8
2189 46
2190 30
2191 2
2192 10
2193 37
2194 1
2195 48
2196 11
2197 7
2198 1
2199 9
2200 3
2201 6
2202 3
2203 4
2204 8
2205 34
2206 1
2207 1
2208 7
2209 1
2210 47
2211 64
2212 23
2213 22
2214 12
2215 5
2216 51
2217 35
2218 3
2219 36
2220 2
2221 1
2222 1
2223 5
2224 21
2225 3
2226 2
2227 1
2228 47
2229 23
2230 5
2231 4
2232 22
2233 7
2234 13
2235 10
2236 11
2237 22
2238 4
2239 2
2240 31
2241 43
2242 3
2243 27
2244 30
2245 17
2246 4
2247 1
2248 26
2249 11
2250 3
2251 3
2252 7
2253 4
2254 27
2255 7
2256 7
2257 2
2258 19
2259 6
2260 42
2261 15
2262 40
2263 30
2264 2
2265 16
2266 16
2267 11
2268 23
2269 31
2270 1
2271 29
2272 3
2273 2
2274 25
2275 27
2276 4
2277 1
2278 21
2279 25
2280 35
2281 6
2282 4
2283 24
2284 6
2285 2
2286 1
2287 1
2288 2
2289 13
2290 29
2291 36
2292 20
2293 12
2294 6
2295 1
2296 17
2297 24
2298 3
2299 2
2300 32
2301 15
2302 14
2303 11
2304 15
2305 16
2306 13
2307 1
2308 26
2309 15
2310 15
2311 7
2312 1
2313 12
2314 1
2315 10
2316 2
2317 4
2318 2
2319 29
2320 7
2321 18
2322 3
2323 2
2324 26
2325 7
2326 2
2327 1
2328 3
2329 1
2330 76
2331 6
2332 3
2333 5
2334 13
2335 6
2336 7
2337 36
2338 5
2339 10
2340 2
2341 8
2342 11
2343 16
2344 31
2345 4
2346 1
2347 8
2348 6
2349 3
2350 19
2351 10
2352 13
2353 14
2354 2
2355 12
2356 26
2357 20
2358 4
2359 15
2360 14
2361 12
2362 16
2363 12
2364 20
2365 9
2366 12
2367 13
2368 4
2369 4
2370 35
2371 6
2372 2
2373 2
2374 3
2375 3
2376 3
2377 10
2378 1
2379 12
2380 1
2381 13
2382 3
2383 6
2384 5
2385 7
2386 1
2387 4
2388 4
2389 10
2390 3
2391 1
2392 3
2393 7
2394 6
2395 14
2396 10
2397 26
2398 3
2399 13
2400 6
2401 8
2402 11
2403 17
2404 1
2405 13
2406 49
2407 6
2408 2
2409 35
2410 5
2411 5
2412 4
2413 21
2414 1
2415 3
2416 3
2417 2
2418 3
2419 5
2420 2
2421 6
2422 3
2423 1
2424 3
2425 1
2426 5
2427 6
2428 1
2429 1
2430 4
2431 3
2432 5
2433 1
2434 3
2435 1
2436 3
2437 1
2438 3
2439 1
2440 2
2441 1
2442 2
2443 3
2444 2
2445 3
2446 2
2447 1
2448 1
2449 2
2450 1
2451 2
2452 1
2453 30
2454 20
2455 23
2456 21
2457 2
2458 16
2459 3
2460 15
2461 1
2462 8
2463 5
2464 9
2465 15
2466 15
2467 11
2468 6
2469 8
2470 4
2471 1
2472 6
2473 10
2474 2
2475 9
2476 1
2477 14
2478 7
2479 10
2480 1
2481 7
2482 1
2483 8
2484 15
2485 3
2486 6
2487 3
2488 5
2489 3
2490 4
2491 6
2492 1
2493 5
2494 3
2495 2
2496 12
2497 3
2498 1
2499 2
2500 2
2501 136
2502 4
2503 2
2504 2
2505 5
2506 2
2507 6
2508 1
2509 3
2510 3
2511 1
2512 1
2513 4
2514 7
2515 6
2516 7
2517 1
2518 6
2519 3
2520 6
2521 2
2522 2
2523 7
2524 5
2525 2
2526 2
2527 7
2528 5
2529 1
2530 2
2531 2
2532 1
2533 2
2534 23
2535 2
2536 1
2537 1
2538 1
2539 1
2540 2
2541 5
2542 4
2543 4
2544 12
2545 4
2546 5
2547 7
2548 1
2549 1
2550 2
2551 3
2552 5
2553 1
2554 6
2555 1
2556 1
2557 8
2558 5
2559 3
2560 4
2561 8
2562 1
2563 5
2564 1
2565 8
2566 1
2567 1
2568 8
2569 2
2570 1
2571 1
2572 7
2573 1
2574 10
2575 1
2576 4
2577 2
2578 1
2579 3
2580 2
2581 2
2582 2
2583 2
2584 3
2585 2
2586 1
2587 1
2588 9
2589 2
2590 1
2591 3
2592 1
2593 1
2594 1
2595 2
2596 2
2597 1
2598 2
2599 5
2600 1
2601 16
2602 4
2603 11
2604 1
2605 2
2606 9
2607 3
2608 17
2609 1
2610 4
2611 5
2612 3
2613 3
2614 3
2615 2
2616 2
2617 1
2618 1
2619 2
2620 1
2621 1
2622 3
2623 2
2624 4
2625 3
2626 2
2627 4
2628 1
2629 3
2630 2
2631 3
2632 5
2633 2
2634 4
2635 2
2636 2
2637 88
2638 3
2639 5
2640 9
2641 5
2642 1
2643 1
2644 10
2645 7
2646 13
2647 16
2648 8
2649 6
2650 4
2651 2
2652 2
2653 6
2654 1
2655 8
2656 3
2657 8
2658 4
2659 54
2660 2
2661 1
2662 9
2663 6
2664 5
2665 1
2666 19
2667 29
2668 17
2669 16
2670 15
2671 5
2672 3
2673 5
2674 7
2675 4
2676 2
2677 14
2678 42
2679 6
2680 10
2681 11
2682 8
2683 3
2684 8
2685 1
2686 10
2687 30
2688 7
2689 21
2690 2
2691 13
2692 9
2693 1
2694 6
2695 5
2696 2
2697 11
2698 10
2699 9
2700 13
2701 8
2702 3
2703 8
2704 9
2705 3
2706 5
2707 2
2708 13
2709 12
2710 3
2711 10
2712 1
2713 10
2714 3
2715 1
2716 2
2717 4
2718 1
2719 10
2720 12
2721 2
2722 2
2723 3
2724 1
2725 2
2726 2
2727 19
2728 5
2729 2
2730 10
2731 6
2732 5
2733 2
2734 3
2735 14
2736 3
2737 7
2738 4
2739 6
2740 2
2741 6
2742 3
2743 3
2744 12
2745 1
2746 3
2747 35
2748 9
2749 6
2750 3
2751 6
2752 10
2753 2
2754 4
2755 9
2756 2
2757 7
2758 7
2759 6
2760 6
2761 2
2762 3
2763 1
2764 3
2765 4
2766 5
2767 5
2768 2
2769 4
2770 4
2771 3
2772 1
2773 1
2774 1
2775 2
2776 1
2777 3
2778 3
2779 3
2780 2
2781 11
2782 50
2783 4
2784 2
2785 4
2786 6
2787 1
2788 2
2789 2
2790 2
2791 5
2792 2
2793 5
2794 3
2795 1
2796 2
2797 3
2798 2
2799 1
2800 1
2801 1
2802 21
2803 1
2804 1
2805 4
2806 1
2807 2
2808 1
2809 1
2810 1
2811 1
2812 5
2813 4
2814 1
2815 2
2816 1
2817 1
2818 1
2819 1
2820 10
2821 1
2822 1
2823 6
2824 3
2825 4
2826 2
2827 6
2828 1
2829 1
2830 6
2831 3
2832 10
2833 6
2834 4
2835 6
2836 7
2837 5
2838 1
2839 1
2840 7
2841 2
2842 1
2843 48
2844 1
2845 23
2846 3
2847 6
2848 17
2849 6
2850 6
2851 8
2852 8
2853 9
2854 11
2855 12
2856 4
2857 8
2858 1
2859 1
2860 3
2861 6
2862 2
2863 8
2864 10
2865 1
2866 2
2867 1
2868 3
2869 6
2870 5
2871 5
2872 8
2873 16
2874 6
2875 8
2876 3
2877 3
2878 7
2879 3
2880 5
2881 5
2882 1
2883 2
2884 5
2885 4
2886 4
2887 14
2888 1
2889 1
2890 9
2891 2
2892 3
2893 1
2894 34
2895 1
2896 4
2897 4
2898 5
2899 2
2900 8
2901 5
2902 3
2903 4
2904 3
2905 5
2906 1
2907 1
2908 1
2909 4
2910 4
2911 1
2912 4
2913 1
2914 92
2915 7
2916 4
2917 5
2918 1
2919 1
2920 3
2921 3
2922 3
2923 4
2924 2
2925 1
2926 3
2927 1
2928 2
2929 84
2930 4
2931 3
2932 2
2933 1
2934 3
2935 1
2936 2
2937 2
2938 2
2939 3
2940 6
2941 3
2942 8
2943 2
2944 2
2945 5
2946 3
2947 1
2948 3
2949 5
2950 2
2951 3
2952 2
2953 1
2954 2
2955 1
2956 8
2957 10
2958 1
2959 5
2960 2
2961 11
2962 1
2963 1
2964 1
2965 5
2966 1
2967 15
2968 3
2969 14
2970 2
2971 6
2972 4
2973 5
2974 2
2975 1
2976 2
2977 1
2978 2
2979 2
2980 1
2981 3
2982 2
2983 3
2984 7
2985 1
2986 9
2987 1
2988 2
2989 1
2990 9
2991 5
2992 1
2993 4
2994 2
2995 3
2996 5
2997 1
2998 2
2999 8
3000 4
3001 9
3002 1
3003 2
3004 5
3005 2
3006 7
3007 5
3008 5
3009 4
3010 5
3011 3
3012 2
3013 2
3014 17
3015 2
3016 5
3017 3
3018 9
3019 7
3020 4
3021 3
3022 4
3023 4
3024 1
3025 2
3026 5
3027 6
3028 2
3029 1
3030 4
3031 2
3032 8
3033 2
3034 8
3035 3
3036 3
3037 6
3038 3
3039 4
3040 68
3041 27
3042 12
3043 21
3044 25
3045 15
3046 25
3047 28
3048 34
3049 10
3050 2
3051 20
3052 15
3053 51
3054 28
3055 20
3056 37
3057 32
3058 8
3059 5
3060 23
3061 3
3062 29
3063 4
3064 33
3065 19
3066 32
3067 3
3068 13
3069 12
3070 11
3071 3
3072 37
3073 21
3074 38
3075 23
3076 10
3077 20
3078 7
3079 6
3080 22
3081 33
3082 4
3083 15
3084 15
3085 5
3086 9
3087 9
3088 23
3089 37
3090 2
3091 23
3092 32
3093 8
3094 13
3095 9
3096 31
3097 27
3098 8
3099 25
3100 10
3101 7
3102 1
3103 27
3104 2
3105 13
3106 11
3107 12
3108 17
3109 24
3110 5
3111 4
3112 4
3113 4
3114 1
3115 12
3116 7
3117 6
3118 4
3119 6
3120 6
3121 9
3122 2
3123 5
3124 7
3125 4
3126 8
3127 5
3128 1
3129 9
3130 1
3131 3
3132 11
3133 3
3134 98
3135 8
3136 4
3137 6
3138 4
3139 1
3140 3
3141 13
3142 6
3143 7
3144 2
3145 10
3146 8
3147 9
3148 11
3149 2
3150 7
3151 6
3152 11
3153 10
3154 4
3155 11
3156 1
3157 5
3158 8
3159 6
3160 9
3161 4
3162 4
3163 7
3164 10
3165 6
3166 2
3167 6
3168 7
3169 5
3170 4
3171 16
3172 6
3173 3
3174 8
3175 39
3176 4
3177 6
3178 3
3179 6
3180 1
3181 3
3182 5
3183 5
3184 8
3185 5
3186 6
3187 2
3188 1
3189 7
3190 7
3191 7
3192 7
3193 3
3194 3
3195 3
3196 2
3197 3
3198 2
3199 4
3200 3
3201 3
3202 4
3203 1
3204 7
3205 10
3206 4
3207 2
3208 1
3209 8
3210 3
3211 3
3212 3
3213 8
3214 1
3215 3
3216 7
3217 3
3218 2
3219 3
3220 1
3221 5
3222 1
3223 1
3224 2
3225 5
3226 2
3227 2
3228 1
3229 2
3230 13
3231 14
3232 49
3233 5
3234 2
3235 2
3236 2
3237 13
3238 6
3239 7
3240 6
3241 2
3242 2
3243 1
3244 4
3245 5
3246 3
3247 2
3248 3
3249 1
3250 6
3251 2
3252 1
3253 2
3254 2
3255 1
3256 2
3257 1
3258 2
3259 1
3260 2
3261 4
3262 1
3263 5
3264 4
3265 1
3266 3
3267 2
3268 6
3269 2
3270 6
3271 1
3272 1
3273 2
3274 1
3275 2
3276 2
3277 2
3278 4
3279 1
3280 1
3281 5
3282 24
3283 3
3284 6
3285 4
3286 5
3287 10
3288 2
3289 1
3290 5
3291 2
3292 3
3293 1
3294 2
3295 3
3296 4
3297 2
3298 4
3299 2
3300 1
3301 5
3302 1
3303 3
3304 76
3305 8
3306 3
3307 6
3308 1
3309 12
3310 1
3311 2
3312 13
3313 7
3314 1
3315 29
3316 13
3317 8
3318 2
3319 5
3320 3
3321 13
3322 15
3323 2
3324 4
3325 10
3326 12
3327 25
3328 28
3329 9
3330 1
3331 8
3332 21
3333 27
3334 12
3335 3
3336 11
3337 8
3338 12
3339 8
3340 4
3341 11
3342 9
3343 1
3344 20
3345 20
3346 12
3347 28
3348 9
3349 4
3350 12
3351 7
3352 14
3353 15
3354 14
3355 2
3356 14
3357 8
3358 4
3359 8
3360 9
3361 2
3362 18
3363 6
3364 3
3365 17
3366 7
3367 5
3368 34
3369 1
3370 9
3371 4
3372 9
3373 3
3374 9
3375 9
3376 7
3377 5
3378 9
3379 7
3380 6
3381 5
3382 5
3383 2
3384 3
3385 3
3386 1
3387 3
3388 1
3389 2
3390 59
3391 1
3392 3
3393 7
3394 17
3395 5
3396 2
3397 6
3398 9
3399 3
3400 7
3401 1
3402 5
3403 5
3404 1
3405 3
3406 1
3407 23
3408 2
3409 1
3410 3
3411 3
3412 2
3413 4
3414 2
3415 3
3416 1
3417 3
3418 2
3419 3
3420 2
3421 3
3422 17
3423 3
3424 3
3425 2
3426 7
3427 4
3428 2
3429 3
3430 8
3431 4
3432 4
3433 4
3434 4
3435 5
3436 4
3437 3
3438 3
3439 2
3440 3
3441 2
3442 3
3443 1
3444 5
3445 4
3446 4
3447 1
3448 3
3449 2
3450 9
3451 3
3452 1
3453 8
3454 1
3455 3
3456 7
3457 2
3458 4
3459 4
3460 2
3461 2
3462 4
3463 6
3464 2
3465 1
3466 10
3467 1
3468 1
3469 6
3470 2
3471 5
3472 1
3473 1
3474 8
3475 2
3476 2
3477 1
3478 3
3479 1
3480 1
3481 7
3482 10
3483 3
3484 2
3485 2
3486 1
3487 3
3488 1
3489 1
3490 8
3491 8
3492 4
3493 2
3494 5
3495 2
3496 3
3497 8
3498 1
3499 2
3500 2
3501 19
3502 1
3503 7
3504 3
3505 6
3506 5
3507 2
3508 8
3509 3
3510 2
3511 1
3512 10
3513 2
3514 2
3515 1
3516 2
3517 1
3518 23
3519 5
3520 2
3521 3
3522 2
3523 1
3524 1
3525 10
3526 3
3527 2
3528 1
3529 1
3530 12
3531 4
3532 3
3533 2
3534 1
3535 4
3536 3
3537 5
3538 6
3539 1
3540 1
3541 3
3542 4
3543 5
3544 3
3545 5
3546 9
3547 4
3548 4
3549 17
3550 1
3551 3
3552 1
3553 2
3554 4
3555 1
3556 1
3557 1
3558 4
3559 3
3560 2
3561 2
3562 1
3563 2
3564 1
3565 1
3566 9
3567 1
3568 3
3569 2
3570 8
3571 1
3572 1
3573 4
3574 7
3575 4
3576 4
3577 3
3578 3
3579 1
3580 3
3581 1
3582 1
3583 4
3584 26
3585 6
3586 5
3587 2
3588 3
3589 9
3590 4
3591 3
3592 3
3593 2
3594 5
3595 1
3596 1
3597 2
3598 5
3599 8
3600 8
3601 1
3602 4
3603 2
3604 5
3605 1
3606 3
3607 1
3608 1
3609 8
3610 74
3611 9
3612 5
3613 9
3614 11
3615 9
3616 28
3617 11
3618 4
3619 6
3620 17
3621 5
3622 4
3623 2
3624 3
3625 6
3626 28
3627 16
3628 37
3629 24
3630 11
3631 20
3632 16
3633 8
3634 62
3635 8
3636 22
3637 16
3638 10
3639 21
3640 20
3641 23
3642 12
3643 5
3644 8
3645 18
3646 5
3647 2
3648 7
3649 31
3650 15
3651 4
3652 10
3653 4
3654 3
3655 9
3656 2
3657 10
3658 6
3659 6
3660 19
3661 18
3662 19
3663 5
3664 5
3665 2
3666 20
3667 16
3668 2
3669 3
3670 3
3671 37
3672 2
3673 3
3674 6
3675 8
3676 3
3677 4
3678 1
3679 13
3680 10
3681 3
3682 1
3683 4
3684 77
3685 7
3686 3
3687 2
3688 2
3689 2
3690 3
3691 6
3692 9
3693 6
3694 8
3695 1
3696 3
3697 16
3698 2
3699 2
3700 1
3701 2
3702 14
3703 3
3704 4
3705 3
3706 7
3707 17
3708 1
3709 7
3710 7
3711 1
3712 15
3713 4
3714 13
3715 6
3716 6
3717 2
3718 2
3719 2
3720 4
3721 2
3722 1
3723 1
3724 4
3725 3
3726 5
3727 3
3728 6
3729 6
3730 3
3731 9
3732 1
3733 21
3734 11
3735 3
3736 10
3737 2
3738 9
3739 1
3740 4
3741 3
3742 3
3743 5
3744 1
3745 7
3746 3
3747 1
3748 3
3749 3
3750 4
3751 20
3752 2
3753 2
3754 15
3755 1
3756 2
3757 10
3758 3
3759 1
3760 1
3761 18
3762 2
3763 1
3764 1
3765 5
3766 8
3767 3
3768 2
3769 3
3770 15
3771 2
3772 5
3773 6
3774 1
3775 4
3776 1
3777 1
3778 4
3779 15
3780 5
3781 7
3782 1
3783 1
3784 4
3785 7
3786 2
3787 1
3788 2
3789 1
3790 4
3791 6
3792 6
3793 6
3794 6
3795 3
3796 3
3797 1
3798 75
3799 14
3800 20
3801 31
3802 2
3803 4
3804 5
3805 1
3806 2
3807 4
3808 4
3809 2
3810 4
3811 11
3812 13
3813 8
3814 15
3815 2
3816 2
3817 1
3818 13
3819 1
3820 6
3821 6
3822 2
3823 6
3824 6
3825 1
3826 2
3827 11
3828 2
3829 12
3830 13
3831 10
3832 1
3833 10
3834 1
3835 7
3836 1
3837 6
3838 1
3839 9
3840 5
3841 3
3842 3
3843 4
3844 5
3845 3
3846 2
3847 3
3848 8
3849 7
3850 18
3851 1
3852 2
3853 10
3854 8
3855 10
3856 13
3857 4
3858 1
3859 12
3860 2
3861 3
3862 7
3863 6
3864 6
3865 1
3866 4
3867 17
3868 3
3869 11
3870 8
3871 2
3872 2
3873 455
3874 14
3875 3
3876 6
3877 1
3878 10
3879 11
3880 7
3881 3
3882 26
3883 8
3884 9
3885 8
3886 1
3887 5
3888 3
3889 10
3890 14
3891 2
3892 2
3893 3
3894 11
3895 8
3896 2
3897 4
3898 5
3899 2
3900 3
3901 7
3902 11
3903 34
3904 20
3905 27
3906 8
3907 20
3908 4
3909 8
3910 7
3911 9
3912 1
3913 2
3914 1
3915 2
3916 24
3917 2
3918 9
3919 2
3920 29
3921 8
3922 1
3923 5
3924 23
3925 2
3926 29
3927 14
3928 10
3929 1
3930 2
3931 26
3932 4
3933 7
3934 1
3935 5
3936 7
3937 12
3938 3
3939 2
3940 20
3941 3
3942 5
3943 6
3944 3
3945 2
3946 1
3947 3
3948 40
3949 6
3950 4
3951 3
3952 2
3953 10
3954 4
3955 8
3956 11
3957 17
3958 20
3959 11
3960 4
3961 4
3962 10
3963 2
3964 1
3965 7
3966 2
3967 4
3968 15
3969 9
3970 14
3971 39
3972 1
3973 17
3974 41
3975 10
3976 19
3977 25
3978 25
3979 8
3980 2
3981 1
3982 1
3983 1
3984 7
3985 4
3986 26
3987 1
3988 10
3989 1
3990 1
3991 3
3992 3
3993 4
3994 10
3995 11
3996 3
3997 12
3998 18
3999 21
4000 2
4001 15
4002 2
4003 2
4004 13
4005 2
4006 3
4007 1
4008 6
4009 4
4010 11
4011 16
4012 2
4013 1
4014 17
4015 20
4016 18
4017 3
4018 2
4019 8
4020 3
4021 25
4022 9
4023 6
4024 4
4025 3
4026 3
4027 5
4028 1
4029 2
4030 6
4031 14
4032 5
4033 15
4034 1
4035 32
4036 9
4037 5
4038 2
4039 20
4040 1
4041 6
4042 2
4043 8
4044 12
4045 5
4046 38
4047 7
4048 16
4049 10
4050 5
4051 3
4052 7
4053 29
4054 3
4055 3
4056 2
4057 3
4058 2
4059 7
4060 2
4061 16
4062 1
4063 16
4064 7
4065 1
4066 3
4067 9
4068 2
4069 20
4070 8
4071 1
4072 4
4073 5
4074 38
4075 6
4076 2
4077 16
4078 5
4079 3
4080 4
4081 7
4082 5
4083 10
4084 4
4085 5
4086 10
4087 2
4088 1
4089 1
4090 5
4091 7
4092 5
4093 2
4094 4
4095 3
4096 1
4097 6
4098 1
4099 4
4100 1
4101 28
4102 9
4103 13
4104 12
4105 2
4106 2
4107 2
4108 17
4109 17
4110 5
4111 5
4112 3
4113 5
4114 6
4115 9
4116 3
4117 6
4118 7
4119 2
4120 1
4121 3
4122 3
4123 1
4124 1
4125 2
4126 1
4127 12
4128 8
4129 6
4130 5
4131 22
4132 7
4133 10
4134 10
4135 6
4136 12
4137 3
4138 3
4139 11
4140 3
4141 2
4142 3
4143 8
4144 4
4145 1
4146 6
4147 10
4148 2
4149 3
4150 6
4151 1
4152 6
4153 9
4154 1
4155 4
4156 2
4157 2
4158 6
4159 20
4160 35
4161 2
4162 4
4163 14
4164 14
4165 3
4166 18
4167 5
4168 1
4169 8
4170 3
4171 3
4172 2
4173 13
4174 3
4175 10
4176 6
4177 2
4178 1
4179 15
4180 1
4181 7
4182 16
4183 1
4184 7
4185 3
4186 2
4187 4
4188 2
4189 13
4190 17
4191 1
4192 2
4193 17
4194 4
4195 3
4196 29
4197 12
4198 17
4199 4
4200 3
4201 14
4202 40
4203 3
4204 21
4205 6
4206 20
4207 19
4208 3
4209 2
4210 9
4211 12
4212 17
4213 4
4214 3
4215 11
4216 2
4217 1
4218 9
4219 5
4220 13
4221 5
4222 11
4223 8
4224 5
4225 3
4226 5
4227 1
4228 10
4229 1
4230 1
4231 31
4232 9
4233 6
4234 31
4235 2
4236 1
4237 10
4238 6
4239 14
4240 16
4241 6
4242 6
4243 8
4244 14
4245 3
4246 26
4247 7
4248 1
4249 1
4250 6
4251 4
4252 13
4253 9
4254 35
4255 5
4256 2
4257 4
4258 1
4259 2
4260 3
4261 11
4262 10
4263 9
4264 25
4265 11
4266 7
4267 19
4268 6
4269 20
4270 15
4271 1
4272 2
4273 2
4274 21
4275 2
4276 2
4277 17
4278 3
4279 26
4280 3
4281 23
4282 3
4283 3
4284 1
4285 7
4286 16
4287 7
4288 5
4289 30
4290 2
4291 2
4292 3
4293 3
4294 3
4295 36
4296 25
4297 8
4298 3
4299 9
4300 15
4301 14
4302 19
4303 6
4304 1
4305 2
4306 1
4307 2
4308 16
4309 3
4310 2
4311 2
4312 1
4313 3
4314 12
4315 15
4316 7
4317 1
4318 19
4319 1
4320 4
4321 8
4322 1
4323 8
4324 1
4325 2
4326 2
4327 68
4328 3
4329 4
4330 3
4331 6
4332 3
4333 1
4334 1
4335 4
4336 4
4337 3
4338 1
4339 9
4340 6
4341 4
4342 2
4343 2
4344 2
4345 4
4346 3
4347 1
4348 1
4349 8
4350 2
4351 5
4352 2
4353 1
4354 3
4355 3
4356 2
4357 1
4358 1
4359 5
4360 6
4361 5
4362 3
4363 6
4364 13
4365 1
4366 1
4367 3
4368 5
4369 1
4370 4
4371 8
4372 2
4373 1
4374 8
4375 9
4376 2
4377 1
4378 1
4379 2
4380 5
4381 11
4382 3
4383 1
4384 4
4385 2
4386 1
4387 1
4388 7
4389 14
4390 1
4391 5
4392 1
4393 5
4394 3
4395 4
4396 101
4397 21
4398 19
4399 6
4400 15
4401 5
4402 13
4403 2
4404 2
4405 11
4406 1
4407 12
4408 10
4409 6
4410 7
4411 2
4412 5
4413 4
4414 9
4415 7
4416 1
4417 7
4418 3
4419 1
4420 16
4421 2
4422 13
4423 5
4424 16
4425 22
4426 9
4427 1
4428 10
4429 6
4430 2
4431 18
4432 10
4433 10
4434 1
4435 11
4436 9
4437 2
4438 9
4439 6
4440 12
4441 11
4442 9
4443 3
4444 2
4445 1
4446 3
4447 20
4448 1
4449 2
4450 7
4451 12
4452 3
4453 3
4454 2
4455 21
4456 1
4457 8
4458 1
4459 3
4460 6
4461 6
4462 11
4463 13
4464 19
4465 2
4466 5
4467 4
4468 1
4469 3
4470 4
4471 19
4472 4
4473 3
4474 7
4475 5
4476 5
4477 2
4478 9
4479 1
4480 3
4481 9
4482 15
4483 15
4484 1
4485 7
4486 2
4487 9
4488 6
4489 1
4490 1
4491 1
4492 2
4493 40
4494 36
4495 2
4496 2
4497 3
4498 6
4499 1
4500 8
4501 1
4502 1
4503 3
4504 1
4505 1
4506 1
4507 2
4508 1
4509 16
4510 2
4511 1
4512 1
4513 1
4514 1
4515 2
4516 8
4517 2
4518 1
4519 2
4520 4
4521 7
4522 5
4523 2
4524 1
4525 5
4526 2
4527 16
4528 2
4529 1
4530 4
4531 85
4532 7
4533 25
4534 7
4535 38
4536 28
4537 23
4538 25
4539 21
4540 24
4541 15
4542 16
4543 5
4544 38
4545 21
4546 25
4547 14
4548 5
4549 9
4550 25
4551 21
4552 4
4553 19
4554 8
4555 29
4556 14
4557 23
4558 6
4559 30
4560 8
4561 22
4562 4
4563 26
4564 8
4565 2
4566 1
4567 32
4568 2
4569 8
4570 2
4571 6
4572 13
4573 12
4574 3
4575 18
4576 15
4577 3
4578 12
4579 10
4580 21
4581 8
4582 5
4583 28
4584 22
4585 26
4586 20
4587 6
4588 7
4589 15
4590 4
4591 13
4592 7
4593 42
4594 10
4595 8
4596 39
4597 19
4598 15
4599 27
4600 8
4601 1
4602 3
4603 24
4604 24
4605 21
4606 2
4607 25
4608 14
4609 11
4610 18
4611 3
4612 26
4613 1
4614 5
4615 9
4616 6
4617 35
4618 3
4619 3
4620 6
4621 11
4622 5
4623 11
4624 1
4625 21
4626 8
4627 4
4628 4
4629 8
4630 5
4631 6
4632 4
4633 10
4634 12
4635 4
4636 7
4637 4
4638 4
4639 3
4640 11
4641 5
4642 4
4643 5
4644 2
4645 1
4646 1
4647 1
4648 2
4649 1
4650 1
4651 12
4652 1
4653 2
4654 2
4655 3
4656 1
4657 2
4658 1
4659 4
4660 1
4661 2
4662 3
4663 2
4664 33
4665 2
4666 3
4667 9
4668 1
4669 5
4670 4
4671 1
4672 3
4673 7
4674 4
4675 5
4676 4
4677 5
4678 3
4679 6
4680 8
4681 1
4682 7
4683 1
4684 9
4685 2
4686 3
4687 2
4688 1
4689 4
4690 1
4691 2
4692 6
4693 1
4694 1
4695 6
4696 2
4697 4
4698 17
4699 8
4700 8
4701 12
4702 10
4703 15
4704 10
4705 15
4706 9
4707 18
4708 7
4709 10
4710 12
4711 2
4712 10
4713 15
4714 8
4715 1
4716 58
4717 16
4718 1
4719 1
4720 11
4721 1
4722 6
4723 2
4724 3
4725 2
4726 4
4727 2
4728 7
4729 7
4730 1
4731 1
4732 2
4733 4
4734 5
4735 4
4736 10
4737 3
4738 3
4739 1
4740 8
4741 1
4742 5
4743 2
4744 1
4745 4
4746 1
4747 1
4748 1
4749 1
4750 5
4751 5
4752 3
4753 2
4754 1
4755 2
4756 1
4757 1
4758 3
4759 2
4760 1
4761 1
4762 1
4763 3
4764 2
4765 3
4766 3
4767 1
4768 1
4769 1
4770 1
4771 1
4772 9
4773 1
4774 44
4775 4
4776 5
4777 2
4778 6
4779 3
4780 1
4781 3
4782 9
4783 4
4784 3
4785 1
4786 1
4787 12
4788 3
4789 5
4790 2
4791 2
4792 9
4793 8
4794 1
4795 12
4796 2
4797 5
4798 1
4799 2
4800 1
4801 2
4802 1
4803 2
4804 7
4805 3
4806 7
4807 2
4808 5
4809 1
4810 1
4811 1
4812 4
4813 11
4814 1
4815 1
4816 1
4817 4
4818 2
4819 2
4820 2
4821 1
4822 1
4823 5
4824 8
4825 7
4826 2
4827 1
4828 6
4829 4
4830 1
4831 6
4832 3
4833 6
4834 4
4835 42
4836 4
4837 1
4838 1
4839 7
4840 3
4841 14
4842 3
4843 2
4844 1
4845 2
4846 1
4847 1
4848 2
4849 2
4850 4
4851 4
4852 2
4853 2
4854 1
4855 1
4856 14
4857 1
4858 11
4859 4
4860 1
4861 3
4862 3
4863 2
4864 3
4865 3
4866 3
4867 5
4868 2
4869 2
4870 5
4871 70
4872 8
4873 3
4874 1
4875 14
4876 3
4877 1
4878 9
4879 7
4880 13
4881 2
4882 7
4883 1
4884 11
4885 10
4886 2
4887 15
4888 4
4889 10
4890 8
4891 2
4892 3
4893 5
4894 1
4895 4
4896 3
4897 5
4898 2
4899 5
4900 2
4901 17
4902 3
4903 7
4904 6
4905 2
4906 8
4907 5
4908 7
4909 3
4910 2
4911 2
4912 2
4913 4
4914 6
4915 4
4916 8
4917 6
4918 5
4919 6
4920 3
4921 4
4922 5
4923 6
4924 4
4925 6
4926 3
4927 4
4928 1
4929 2
4930 6
4931 4
4932 7
4933 3
4934 5
4935 6
4936 2
4937 3
4938 3
4939 1
4940 2
4941 5
4942 38
4943 1
4944 2
4945 5
4946 1
4947 2
4948 3
4949 1
4950 1
4951 1
4952 3
4953 1
4954 1
4955 1
4956 3
4957 1
4958 1
4959 1
4960 1
4961 2
4962 2
4963 3
4964 1
4965 1
4966 1
4967 3
4968 1
4969 1
4970 1
4971 1
4972 2
4973 1
4974 3
4975 1
4976 2
4977 1
4978 1
4979 1
4980 1
4981 5
4982 1
4983 12
4984 3
4985 2
4986 1
4987 1
4988 1
4989 1
4990 4
4991 2
4992 2
4993 5
4994 4
4995 1
4996 3
4997 1
4998 1
4999 5
