0	1351 1351
0	556 556
0	1328 4399
0	1296 1292
0	1293 1292
0	1293 1284
0	1292 1296
0	1292 1293
0	1292 1284
0	1284 1293
0	1229 1178
0	1229 1166
0	1178 1178
0	1178 1166
0	1166 1229
0	1166 1178
0	1166 1166
0	4907 1059
0	575 98
0	79 4032
0	1132 1132
0	1132 1119
0	1132 1116
0	579 579
0	1119 1132
0	1119 1116
0	4936 4936
0	1116 1132
0	1116 1119
0	1094 1094
0	4856 4866
0	4935 2659
0	4923 4937
0	1031 2684
0	1031 1031
0	69 2905
0	4716 4724
0	69 69
0	955 955
0	945 945
0	4716 4733
0	4716 4739
0	869 868
0	868 869
0	858 339
0	4716 4767
0	4716 4771
0	4724 4716
0	611 611
0	4733 4716
0	3645 3629
0	4767 4716
0	4767 4767
0	4771 4716
0	4774 4774
0	4774 4776
0	4935 239
0	4774 4795
0	4774 4808
0	4774 4812
0	4776 4774
0	4795 4774
0	4808 4774
0	4812 2699
0	53 1845
0	3645 3610
0	53 53
0	3636 3671
0	4102 3882
0	4102 4102
0	3636 3645
0	3636 3629
0	3636 3616
0	4178 4178
0	3636 3610
0	3629 3645
0	3629 3636
0	3629 3629
0	3629 3616
0	3629 3610
0	3622 3610
0	3616 3636
0	3616 3629
0	3616 3616
0	3616 3610
0	3610 3671
0	3610 3645
0	3610 3636
0	3610 3629
0	3610 3622
0	3610 3616
0	3565 3565
0	3560 3560
0	3553 3553
0	3547 3547
0	325 4223
0	3401 3401
0	308 296
0	3375 3375
0	3375 3368
0	3368 3375
0	3368 3360
0	3368 3353
0	3368 3332
0	3368 3321
0	3360 3368
0	3360 3360
0	3353 3368
0	3353 3332
0	3350 3332
0	3332 3368
0	3332 3353
0	3332 3350
0	3332 3332
0	3321 3368
0	3321 3321
0	3303 3303
0	3256 3256
0	3242 3242
0	4102 4112
0	4102 4159
0	3891 3891
0	3205 2659
0	3204 3204
0	3186 3163
0	3176 3158
0	4223 325
0	4223 4223
0	3163 3186
0	3158 3176
0	3158 3158
0	282 282
0	3890 3907
0	4112 4102
0	4112 4112
0	4032 79
0	373 373
0	3959 3959
0	3138 3157
0	3126 3126
0	3105 3105
0	255 255
0	248 270
0	3016 3016
0	2999 2999
0	3890 3890
0	339 858
0	3882 4102
0	3882 3882
0	3870 3800
0	3870 3799
0	2999 2969
0	2999 2929
0	239 4935
0	2986 2969
0	2986 2929
0	2980 2929
0	2969 2999
0	2969 2986
0	2969 2969
0	2969 2929
0	2953 2929
0	2950 2929
0	2932 2929
0	2929 2999
0	2929 2986
0	2929 2980
0	2929 2969
0	2929 2953
0	3827 3800
0	3821 3799
0	4481 4481
0	3800 3870
0	4262 4262
0	2929 2950
0	2929 2932
0	2929 2929
0	2921 2920
0	2920 2921
0	2905 69
0	2850 2850
0	2834 2834
0	2752 2752
0	2699 4812
0	2699 2699
0	2684 1031
0	2669 2669
0	2669 2667
0	2669 2659
0	2667 2669
0	2667 2659
0	2667 1864
0	2659 2669
0	2659 2667
0	2549 2549
0	2500 2500
0	2497 2490
0	2490 2490
0	3800 3827
0	2465 2453
0	2453 2475
0	2453 2465
0	4295 4295
0	2453 2453
0	2441 2441
0	2405 2405
0	2405 2379
0	3800 3799
0	3799 3870
0	3907 3907
0	3907 3890
0	3896 3896
0	3893 3893
0	3799 3821
0	3799 3800
0	3765 3765
0	3751 3751
0	2379 2405
0	2379 2379
0	191 191
0	2324 2659
0	2324 2274
0	2324 2248
0	2311 2147
0	2305 2305
0	2305 2147
0	2274 2324
0	2274 2212
0	3751 3710
0	3751 3707
0	2254 2254
0	2254 2245
0	2254 2232
0	2254 2147
0	2248 2324
0	2248 2248
0	2248 2245
0	2245 2254
0	2245 2248
0	2245 2232
0	2232 2254
0	2232 2245
0	2232 2147
0	2212 2274
0	3749 3751
0	2165 2165
0	2147 2305
0	2147 2254
0	4352 4352
0	2147 2232
0	2147 2147
0	2147 2139
0	2139 2147
0	2137 2137
0	2084 2084
0	4634 4634
0	2045 2045
0	2031 2031
0	2010 2002
0	3733 3733
0	2010 1987
0	2007 1987
0	3733 3710
0	2002 2010
0	2002 1987
0	1987 2007
0	1987 2002
0	1987 1987
0	1967 1967
0	4399 1328
0	4399 4399
0	1937 1937
0	1933 1933
0	1933 1428
0	165 165
0	1890 1890
0	1877 1877
0	1864 2667
0	1853 1815
0	1848 1836
0	1836 1827
0	3710 3751
0	413 413
0	3710 3733
0	4416 4416
0	1833 1829
0	1833 1827
0	1832 1832
0	4423 4429
0	1829 1833
0	4866 4856
0	1829 1829
0	1827 1836
0	1827 1833
0	4429 4423
0	1815 1853
0	1802 1802
0	1790 1790
0	4433 4433
0	1781 1781
0	1726 1721
0	1726 1675
0	4148 4148
0	142 142
0	142 123
0	1723 1723
0	1722 1722
0	1721 1726
0	1721 1675
0	1683 1682
0	1682 1683
0	1682 1682
0	4156 4156
0	1681 1681
0	3707 3751
0	3707 3707
0	3707 3701
0	3677 3610
0	3671 3645
0	3671 3636
0	1675 1726
0	1675 1721
0	1633 1633
0	1612 1570
0	1612 1564
0	3671 3629
0	1612 1550
0	1599 1564
0	123 142
0	1572 1550
0	1570 1612
0	1570 1564
0	1570 1557
0	1570 1550
0	4689 4689
0	485 508
0	3671 3616
0	1564 1612
0	1564 1599
0	1564 1570
0	1564 1550
0	508 485
0	1557 1570
0	1557 1557
0	1557 1550
0	1556 1550
0	1550 1612
0	1550 1570
0	1550 1564
0	1550 1557
0	1550 1550
0	1485 1719
0	1485 1484
0	1485 1435
0	1485 1423
0	3671 3610
0	1484 1485
0	1484 1484
0	1484 1435
0	532 532
0	1484 1423
0	1435 1485
0	1435 1484
0	1435 1435
0	1435 1423
0	1423 1485
0	3645 3671
0	1423 1484
0	1423 1435
0	548 548
0	550 550
0	1408 1428
0	1407 4509
0	111 111
0	98 98
1	4101 3920
1	4101 4220
1	4109 3916
1	4109 3976
1	4109 3997
1	4109 4015
1	4113 4113
1	4113 4231
1	4113 4302
1	4131 3976
1	4131 3997
1	4131 4015
1	4131 4243
1	4173 1220
1	4173 4173
1	4220 4046
1	4220 4101
1	4220 4220
1	4231 3903
1	4231 4113
1	4231 4231
1	4231 4241
1	4231 4302
1	4231 4321
1	4241 4046
1	4241 4241
1	4242 4242
1	4243 4015
1	4243 4131
1	4243 4243
1	4261 1664
1	4261 2914
1	4261 3874
1	4261 4364
1	4288 4101
1	4299 4101
1	4299 4299
1	4300 3903
1	4300 3920
1	4301 3903
1	4301 3920
1	4301 4046
1	4302 4113
1	4302 4231
1	4302 4302
1	4321 4321
1	4325 4325
1	4342 4342
1	4390 4390
1	35 35
1	4412 4447
1	4414 4414
1	4414 4482
1	450 2892
1	4451 4482
1	4447 4412
1	4447 4447
1	4447 4451
1	4447 4482
1	4451 4447
1	4451 4451
1	473 473
1	487 487
1	525 525
1	542 542
1	613 613
1	4934 4934
1	679 679
1	679 3879
1	759 759
1	764 759
1	4740 4729
1	4735 4729
1	4729 4740
1	4729 4735
1	4717 4717
1	850 1791
1	864 873
1	873 873
1	885 895
1	886 898
1	893 893
1	895 885
1	898 886
1	916 916
1	986 986
1	1083 1083
1	83 83
1	83 85
1	85 83
1	1181 1181
1	1217 1217
1	1242 1242
1	1242 1249
1	1249 1242
1	1354 1354
1	1354 1359
1	1354 1415
1	1354 1417
1	1354 2914
1	1359 1354
1	1359 1359
1	1359 1415
1	1367 1367
1	1367 2914
1	1368 1368
1	1409 1409
1	1409 1415
1	1409 2914
1	1415 1354
1	1415 1359
1	1415 1409
1	1415 1415
1	1415 1452
1	1415 2914
1	1417 1354
1	1417 1417
1	1432 1387
1	1452 1415
1	1475 1475
1	1496 1508
1	1505 4483
1	1508 1496
1	1510 1510
1	1517 1517
1	1534 1554
1	1534 1583
1	1534 1593
1	1534 1606
1	1534 1620
1	1534 1645
1	4697 4697
1	1554 1534
1	1554 1554
1	4694 4694
1	4692 4697
1	4682 4682
1	4681 4681
1	1583 1534
1	1620 1534
1	1620 1645
1	1645 1534
1	1645 1620
1	1645 1645
1	1670 1664
1	1670 1670
1	1685 1670
1	137 137
1	1710 1711
1	1711 1710
1	145 145
1	1768 1768
1	1791 1791
1	1803 1803
1	1812 1812
1	1858 1858
1	1871 1871
1	4658 4658
1	1900 1900
1	1927 3453
1	2071 2071
1	2101 2101
1	2143 2219
1	4101 4101
1	2219 2143
1	2281 2281
1	185 193
1	187 187
1	187 193
1	2357 2357
1	193 185
1	193 187
1	193 193
1	2388 2388
1	202 3452
1	202 3453
1	4588 4559
1	2418 2418
1	2426 2426
1	2426 2434
1	2434 2426
1	2440 2440
1	202 3469
1	2458 2460
1	2458 2467
1	2459 2460
1	2460 2458
1	2460 2459
1	2460 2467
1	202 3479
1	2467 2458
1	2467 2460
1	202 3481
1	202 3482
1	202 3484
1	202 3490
1	202 3491
1	202 3498
1	202 3507
1	2539 2539
1	202 3527
1	202 3538
1	202 3549
1	2588 2588
1	204 204
1	2602 2602
1	2612 2612
1	2645 2645
1	4576 4576
1	4576 4559
1	2755 2755
1	2755 2757
1	2757 2755
1	2858 2858
1	2867 2867
1	234 234
1	2873 2873
1	2892 450
1	2894 2912
1	2894 2914
1	2912 2894
1	2917 2894
1	2922 2894
1	2931 2931
1	4559 4588
1	4559 4576
1	4552 4552
1	3076 3076
1	3150 3150
1	283 283
1	3216 3216
1	3336 3340
1	3340 3336
1	291 291
1	3347 3347
1	3347 3363
1	3347 3365
1	3347 3378
1	3363 3347
1	3365 3347
1	3365 3365
1	3378 3347
1	3378 3365
1	3390 3395
1	3390 3402
1	3390 3408
1	3390 3412
1	3390 3417
1	3390 3426
1	3390 3431
1	3408 3390
1	3412 3390
1	3417 3390
1	3426 3390
1	3426 3395
1	3431 3390
1	3438 3390
1	3441 3390
1	3441 3901
1	3452 202
1	3453 202
1	3453 1927
1	3453 3491
1	3469 202
1	3479 202
1	3481 202
1	3482 202
1	3484 202
1	3490 202
1	3491 202
1	3491 3453
1	3498 202
1	3507 202
1	3527 202
1	3527 3527
1	3538 202
1	3538 3491
1	3549 202
1	3549 4101
1	3588 3609
1	3609 3588
1	3620 3620
1	3620 3680
1	4530 3878
1	3644 3675
1	3666 3620
1	3666 3666
1	3675 3644
1	3675 3897
1	3680 3620
1	3680 3680
1	3684 3685
1	3684 3713
1	3684 3720
1	3684 3739
1	3684 3740
1	3713 3684
1	3739 3684
1	3740 3684
1	3750 3684
1	3757 3684
1	3757 3757
1	3758 3684
1	3787 3787
1	3813 3812
1	3813 3813
1	3874 3874
1	3874 3949
1	3878 3903
1	3878 4530
1	3879 679
1	3879 1220
1	3894 3894
1	3897 3675
1	3901 3901
1	3903 3878
1	3903 3903
1	3903 4231
1	3916 3916
1	3916 3976
1	3916 3997
1	3916 4015
1	3916 4109
1	3920 3920
1	3920 4046
1	3920 4101
1	3946 3946
1	3949 3874
1	3949 3949
1	3976 3916
1	3976 3997
1	3976 4015
1	3976 4109
1	3976 4131
1	3978 3978
1	4972 4947
1	4483 4483
1	3997 3916
1	3997 3976
1	3997 4109
1	3997 4131
1	4960 4960
1	4015 3916
1	4015 3976
1	4015 4109
1	4015 4131
1	4015 4243
1	4483 2914
1	4483 1505
1	4045 4045
1	4045 4133
1	4046 3920
1	4046 4046
1	4046 4220
1	4056 3685
1	4482 4482
1	4482 4451
1	4482 4447
1	4482 4414
2	807 815
2	1011 1011
2	2341 2381
2	1955 1965
2	1955 1979
2	1965 1955
2	4887 4901
2	1979 1955
2	1979 1984
2	4639 4625
2	1984 1979
2	4311 3873
2	4311 4311
2	2308 2244
2	2006 2006
2	4750 4750
2	4392 4327
2	4603 4555
2	3886 3873
2	4317 3873
2	184 95
2	2262 2244
2	2262 2228
2	2262 2211
2	2255 2252
2	4327 4345
2	4327 4370
2	4470 4470
2	2252 2255
2	4603 4567
2	2244 2262
2	2244 2235
2	2244 2211
2	4629 4625
2	2235 2244
2	2235 2228
2	2228 2262
2	2228 2235
2	2228 2211
2	4603 4610
2	2211 2262
2	2211 2244
2	2211 2228
2	2198 2198
2	179 95
2	2196 2971
2	2196 2196
2	4609 4555
2	2175 2175
2	2175 2120
2	2169 2169
2	4345 4327
2	4625 4639
2	28 28
2	4609 4603
2	4370 4327
2	2146 2146
2	4615 4615
2	4625 4629
2	2120 2175
2	4988 4988
2	1114 1114
2	1118 1118
2	758 758
2	948 948
2	1313 1313
2	1319 1319
2	1319 2064
2	1321 1321
2	1327 1327
2	3810 3801
2	87 2644
2	758 93
2	742 680
2	711 711
2	701 680
2	4781 4781
2	1347 1347
2	1347 1350
2	1347 1370
2	1347 1379
2	1347 1397
2	1347 1403
2	1347 1406
2	1347 1426
2	1347 1436
2	1347 1442
2	1347 1444
2	1347 1446
2	95 161
2	1350 1347
2	1350 1350
2	686 680
2	681 4804
2	681 681
2	681 385
2	680 742
2	680 701
2	680 686
2	101 95
2	101 101
2	102 95
2	680 680
2	4804 681
2	4828 1772
2	4828 4828
2	4025 3873
2	1370 1347
2	1370 1370
2	87 3458
2	1379 1347
2	1379 1444
2	1379 1446
2	1157 1177
2	4134 3873
2	899 4625
2	899 899
2	4134 4134
2	4021 4193
2	4021 4184
2	4021 3921
2	4021 3873
2	3702 3702
2	899 882
2	3801 3859
2	3801 3853
2	113 95
2	113 113
2	1403 1347
2	3688 3688
2	3687 3687
2	3801 3810
2	4163 3873
2	4163 4163
2	4163 4166
2	4166 3873
2	4166 4163
2	404 401
2	3662 3639
2	3853 3801
2	3853 3859
2	4169 3873
2	4170 3873
2	3859 3801
2	3859 3853
2	3639 3662
2	573 573
2	3639 3639
2	4128 3873
2	4476 4409
2	547 547
2	4184 1860
2	4184 3873
2	4184 4021
2	4184 4184
2	4186 3873
2	4193 3873
2	3602 3583
2	1436 1347
2	4901 4901
2	4875 4875
2	1444 1347
2	1444 1442
2	3583 3602
2	3583 3583
2	4193 4021
2	4193 4128
2	4196 3873
2	16 16
2	4196 4196
2	3546 3546
2	3546 3543
2	3543 3546
2	404 399
2	385 681
2	3991 3991
2	3991 3873
2	399 404
2	4196 4198
2	4901 4887
2	4128 4128
2	1457 1347
2	1459 1347
2	1459 1459
2	882 899
2	1464 1347
2	1464 1464
2	368 368
2	368 343
2	3873 3886
2	1478 1347
2	1481 1347
2	1481 1481
2	1483 1347
2	1483 1483
2	3975 3975
2	528 528
2	3975 3873
2	1177 1157
2	1177 1177
2	4900 4900
2	320 317
2	15 15
2	3972 3972
2	3972 3873
2	4198 3873
2	3873 3898
2	4198 4196
2	3873 3921
2	3873 3929
2	3873 3972
2	4198 4198
2	4200 3873
2	93 93
2	3873 3975
2	93 343
2	3352 3351
2	3873 3991
2	3873 4021
2	3873 4025
2	3873 4031
2	3873 4033
2	3873 4092
2	3351 3352
2	4128 4193
2	93 758
2	3873 4093
2	3323 3323
2	4210 3873
2	95 95
2	95 101
2	604 604
2	95 102
2	3873 4128
2	3873 4134
2	95 113
2	520 482
2	513 482
2	3313 3313
2	3873 4163
2	3873 4166
2	1562 1565
2	1562 1575
2	501 482
2	491 482
2	1565 1562
2	1565 1565
2	1 1
2	482 520
2	482 513
2	482 501
2	482 491
2	482 482
2	4210 4170
2	1575 1562
2	4684 4684
2	3873 4169
2	3873 4170
2	3212 3212
2	3201 3407
2	3873 4184
2	353 353
2	3144 3144
2	4232 3873
2	3121 3109
2	128 128
2	3109 3127
2	3109 3121
2	95 127
2	3873 4186
2	3873 4193
2	3109 3109
2	3098 3098
2	3098 3091
2	95 128
2	95 147
2	1640 1640
2	3098 3046
2	3873 4196
2	3873 4198
2	3873 4200
2	3091 3098
2	3091 3091
2	3091 3077
2	3091 3046
2	1114 1011
2	3085 3077
2	3077 3091
2	3077 3085
2	3077 3074
2	3077 3046
2	95 152
2	3873 4210
2	3873 4232
2	604 2196
2	3074 3077
2	3074 3046
2	3074 3042
2	4555 4567
2	4555 4603
2	4859 4859
2	3873 4239
2	4555 4609
2	3046 3098
2	3046 3091
2	3046 3077
2	3046 3046
2	3042 3074
2	3026 3026
2	4239 3873
2	246 263
2	3873 4248
2	3873 4255
2	1241 1241
2	4031 3873
2	2985 2985
2	844 840
2	1244 1244
2	2971 2196
2	1080 1114
2	4248 3873
2	2959 2601
2	4255 3873
2	233 2603
2	233 2421
2	4567 4555
2	4567 4581
2	4033 3873
2	4567 4603
2	2837 2836
2	2836 2837
2	233 127
2	2826 2782
2	2822 2822
2	2822 2782
2	1759 1785
2	2819 2819
2	2819 2782
2	147 95
2	147 147
2	2801 2782
2	233 95
2	2792 2782
2	2782 2801
2	2782 2792
2	2777 2777
2	1773 1773
2	228 95
2	224 95
2	840 844
2	161 95
2	4033 4033
2	222 95
2	3929 3873
2	2650 2650
2	2644 2644
2	2603 2603
2	343 368
2	2601 2601
2	2601 1397
2	3921 4021
2	3921 3921
2	3921 3873
2	2565 2541
2	2565 1157
2	2561 2541
2	2561 2516
2	2557 2557
2	4727 4727
2	2516 2516
2	2516 2503
2	2503 2516
2	399 401
2	1267 1267
2	1080 1080
2	399 399
2	4093 4093
2	4093 3873
2	343 93
2	404 404
2	4505 4505
2	4092 3873
2	2424 2419
2	2419 2424
2	3898 3898
2	1011 1114
2	4409 4476
2	3898 3873
2	1854 1854
2	1854 1860
2	1860 1854
2	1860 1860
2	198 95
2	2393 2393
2	2393 2362
2	2381 2341
2	1889 1889
2	2363 2359
2	2362 2393
2	4657 4651
2	2362 2363
2	2362 2359
2	4655 4651
2	815 807
2	4651 4657
2	4651 4655
2	2359 2363
2	2359 2362
2	1923 1923
3	43 43
3	43 40
3	4607 4535
3	1184 1167
3	4375 4375
3	3374 3304
3	223 2972
3	4607 4536
3	3370 3304
3	43 36
3	2095 2036
3	4556 4535
3	4556 4536
3	2171 2171
3	181 96
3	4114 544
3	2710 2710
3	2162 2202
3	363 367
3	2114 2114
3	2162 2162
3	362 362
3	3361 3304
3	4870 4858
3	875 867
3	867 877
3	867 875
3	3359 3304
3	4114 4114
3	2131 2125
3	2125 2258
3	2125 2131
3	867 872
3	975 4253
3	964 996
3	964 964
3	767 735
3	615 2786
3	615 4841
3	3354 3354
3	66 66
3	4841 4841
3	3354 3316
3	3809 3864
3	3354 3309
3	1302 1302
3	1305 1305
3	1305 1308
3	3354 3304
3	1308 1305
3	1238 1238
3	2710 2701
3	1317 1338
3	2701 2710
3	1251 1248
3	3877 3877
3	1238 1257
3	1251 1252
3	4489 4396
3	3349 3304
3	4486 4486
3	736 778
3	736 735
3	1338 1317
3	735 767
3	735 736
3	735 367
3	4841 2036
3	1189 1167
3	3007 4024
3	223 2608
3	1346 1317
3	4488 4396
3	3950 3950
3	2995 4011
3	3880 186
3	1549 1549
3	2995 2995
3	1257 1238
3	872 872
3	2991 4091
3	1089 1089
3	1551 1551
3	4973 4973
3	1348 1348
3	1348 2409
3	2355 2353
3	96 96
3	3316 3354
3	3316 3309
3	3316 3304
3	96 181
3	36 43
3	1212 1110
3	2972 2972
3	867 867
3	3816 3816
3	3816 3822
3	2696 2696
3	3309 3354
3	4122 4122
3	2972 223
3	462 472
3	3309 3316
3	3309 3304
3	676 778
3	672 2409
3	672 672
3	3822 3816
3	4120 4120
3	462 469
3	4437 4396
3	502 502
3	1362 1371
3	1362 1375
3	1362 1394
3	1362 1427
3	1362 1440
3	4841 615
3	2689 1851
3	4091 2991
3	4089 4089
3	495 495
3	453 453
3	1371 1362
3	1371 1371
3	1371 1375
3	1375 1362
3	1375 1371
3	1375 1375
3	2676 2676
3	2355 2330
3	3304 3361
3	3304 3359
3	919 911
3	1248 1251
3	911 919
3	3754 3754
3	3754 3704
3	3754 3697
3	3304 3354
3	3304 3349
3	2451 2443
3	4252 4252
3	4253 975
3	4253 4253
3	3304 3316
3	2960 2960
3	3709 3697
3	110 110
3	3304 3309
3	1394 62
3	1394 1394
3	3700 3700
3	3697 3754
3	2608 223
3	3299 3299
3	2443 2451
3	2900 2900
3	2896 2900
3	114 114
3	114 1609
3	4535 4536
3	3697 3709
3	29 22
3	2896 2896
3	4956 4945
3	553 553
3	2878 2856
3	4086 4086
3	3940 4011
3	4084 4091
3	3200 3200
3	3940 3940
3	4535 4551
3	4535 4556
3	4535 4607
3	4011 4069
3	4536 4535
3	3646 3646
3	4536 4536
3	1591 1632
3	1591 1634
3	4091 4091
3	481 480
3	4536 4551
3	4011 3940
3	4011 2995
3	3161 3161
3	3864 3809
3	480 481
3	4420 4420
3	889 889
3	352 352
3	4179 4179
3	3137 3137
3	1747 1747
3	1167 1184
3	40 43
3	1747 1756
3	1427 1427
3	1609 114
3	22 29
3	17 17
3	4420 4396
3	472 462
3	1167 1189
3	540 531
3	469 462
3	4411 4396
3	4091 4084
3	2840 2840
3	3900 3900
3	1438 1438
3	2392 2330
3	1440 1440
3	1441 2409
3	3101 3101
3	1632 1591
3	1632 1632
3	1632 1634
3	3573 3573
3	4858 4858
3	1634 1591
3	3555 3555
3	1634 1632
3	3101 3072
3	1913 1913
3	1875 1875
3	2375 2375
3	1756 1747
3	4730 4730
3	3514 3514
3	2411 2411
3	4667 4667
3	2552 2552
3	4094 4094
3	4536 4607
3	4486 4396
3	4069 4011
3	2353 2353
3	784 784
3	62 62
3	2353 2330
3	2349 2349
3	2349 2330
3	1248 1252
3	1765 1765
3	186 3880
3	2331 2330
3	2330 2392
3	3919 3919
3	1851 2689
3	2330 2382
3	2330 2375
3	2330 2358
3	2330 2355
3	2330 2354
3	1963 1963
3	4551 4535
3	2330 2353
3	4396 4437
3	2375 2330
3	2330 2349
3	1010 1010
3	4551 4536
3	2407 1101
3	3465 3465
3	2330 2331
3	3876 3876
3	4396 4432
3	4396 4428
3	4396 4420
3	1887 1887
3	367 735
3	1992 1992
3	2316 2316
3	4396 4411
3	4396 4396
3	367 367
3	4067 4067
3	2353 2355
3	577 577
3	186 186
3	1770 1770
3	3075 3072
3	1101 2407
3	2786 615
3	4591 2036
3	825 825
3	531 540
3	2258 2125
3	4591 4591
3	1133 1122
3	4858 4870
3	2766 2751
3	181 181
3	62 1394
3	877 875
3	4333 4333
3	4334 4334
3	877 872
3	4709 4712
3	4712 4709
3	877 867
3	4388 4388
3	2358 2330
3	2756 2756
3	996 996
3	367 363
3	171 171
3	319 319
3	3072 3101
3	363 672
3	3072 3075
3	2751 2766
3	996 964
3	2749 2749
3	1122 1133
3	4428 4396
3	2202 2162
3	4115 4115
3	615 615
3	875 872
4	1121 1121
4	1129 1129
4	4872 4078
4	4908 4922
4	4704 4714
4	1216 1216
4	4030 4030
4	4940 4940
4	1239 1239
4	1246 1246
4	1268 1266
4	1271 1266
4	1282 1266
4	1282 1282
4	1285 1266
4	1285 1285
4	1287 1266
4	564 564
4	1294 1266
4	1294 1294
4	1294 1297
4	1297 1266
4	1297 1294
4	1301 564
4	1301 1266
4	1301 1301
4	1312 1266
4	558 522
4	1329 2515
4	1377 1419
4	1381 1385
4	1381 1396
4	1381 1486
4	1385 1381
4	1385 1486
4	1396 1381
4	1396 1396
4	1396 1486
4	3844 3844
4	3866 3867
4	1419 1377
4	1419 1419
4	545 522
4	4119 4110
4	1437 1521
4	1456 1455
4	1456 1456
4	1461 1461
4	1477 1477
4	523 523
4	523 522
4	522 596
4	522 592
4	1486 1381
4	1486 1385
4	1486 1396
4	1502 1502
4	1502 1823
4	1516 503
4	1516 1516
4	1521 1437
4	1539 1539
4	1541 1542
4	1542 1541
4	522 589
4	522 580
4	522 564
4	522 558
4	522 545
4	522 530
4	522 523
4	1619 1619
4	1638 1366
4	1638 1638
4	1659 1659
4	1669 1672
4	1669 1693
4	1672 1669
4	1672 1693
4	1692 1692
4	1693 1669
4	1693 1672
4	1693 1693
4	1699 1699
4	1712 1659
4	1713 1659
4	1713 1712
4	140 140
4	140 240
4	454 437
4	447 447
4	437 447
4	1762 1762
4	1783 1783
4	4431 4471
4	1798 1798
4	4431 4464
4	4431 4400
4	1822 1822
4	1823 1502
4	1823 1823
4	1846 1846
4	4464 4400
4	4654 4654
4	4646 4646
4	4400 4464
4	4400 4431
4	1943 503
4	1976 1976
4	421 421
4	2041 2041
4	2042 2042
4	2049 2073
4	2062 19
4	2073 2049
4	2080 2080
4	2080 2094
4	2094 2080
4	2132 2132
4	2142 19
4	2142 2163
4	4464 4431
4	2163 2142
4	2163 2275
4	2163 2283
4	2163 2300
4	2174 2183
4	2174 2275
4	2183 2174
4	2183 2208
4	2208 2183
4	3885 3885
4	4464 4471
4	2275 2163
4	2275 2174
4	2275 2283
4	2283 2163
4	2283 2275
4	2283 2283
4	4602 4531
4	2300 2142
4	2300 2163
4	2300 2174
4	2300 2309
4	2309 2174
4	2309 2300
4	2313 2309
4	4598 4598
4	4598 4586
4	4598 4540
4	2337 2337
4	2337 2344
4	2337 2396
4	2343 2344
4	2343 2383
4	2344 2337
4	2344 2343
4	2344 2344
4	2344 2347
4	2344 2383
4	2344 2385
4	2344 2396
4	2347 2344
4	2347 2347
4	4598 4539
4	4598 4531
4	4110 4119
4	4110 4110
4	194 194
4	2383 2344
4	199 199
4	4471 274
4	4586 4598
4	4586 4586
4	4586 4577
4	4586 4540
4	4586 4539
4	2439 2439
4	4586 4531
4	3909 3909
4	4049 4049
4	2515 2560
4	2520 2520
4	4281 4281
4	2560 2560
4	4577 4586
4	4577 4577
4	4577 4531
4	2646 2646
4	2679 2679
4	2679 2703
4	2687 2687
4	2703 2703
4	4574 4574
4	2737 2744
4	2739 2739
4	2739 2744
4	2744 2737
4	2744 2739
4	351 351
4	4574 4531
4	2765 2765
4	2783 1617
4	2783 2783
4	2783 2784
4	2784 2784
4	2838 2838
4	2845 2852
4	2845 2870
4	2852 2845
4	2852 2870
4	2870 2845
4	2870 2852
4	3945 3945
4	2895 2895
4	2908 2908
4	4471 4431
4	4471 4464
4	2930 2961
4	2961 2930
4	2961 3000
4	3000 2961
4	240 140
4	3009 503
4	274 274
4	3045 3045
4	3045 3047
4	3045 3056
4	3047 3045
4	3047 3047
4	3047 3056
4	3056 3045
4	3056 3047
4	3056 3056
4	4553 4540
4	4553 4531
4	274 4471
4	4540 4598
4	4540 4586
4	4540 4553
4	4540 4539
4	4540 4531
4	4539 4598
4	4539 4586
4	4539 4540
4	4539 4531
4	3134 3136
4	3134 3154
4	3134 3164
4	3134 3167
4	3134 3184
4	3134 3189
4	3134 3193
4	3134 3199
4	3134 3202
4	3134 3219
4	3136 3134
4	3136 3164
4	3956 3956
4	3154 3134
4	3154 3154
4	3164 3134
4	3164 3136
4	3167 3134
4	3167 3167
4	3184 503
4	3184 3134
4	3184 3184
4	3189 3134
4	3189 3189
4	3189 3199
4	3193 3134
4	3193 3193
4	3199 3134
4	3199 3189
4	3199 3199
4	3202 3134
4	3202 3202
4	3219 3134
4	3219 3219
4	3230 3134
4	3230 3230
4	3282 3294
4	3294 3282
4	4531 4602
4	3300 3282
4	3300 3300
4	4531 4598
4	3315 3319
4	3319 3315
4	3319 3319
4	364 351
4	364 364
4	4096 4096
4	4066 4066
4	3984 4097
4	4097 3984
4	3528 3528
4	4078 4078
4	390 390
4	4078 4872
4	3563 3563
4	3625 3634
4	3625 3655
4	4531 4586
4	4531 4577
4	19 2646
4	4531 4574
4	3634 3625
4	3634 3642
4	3634 3655
4	3634 3659
4	3634 3669
4	4174 4174
4	4531 4568
4	4531 4553
4	4531 4540
4	4531 4539
4	3642 3634
4	4171 4171
4	3655 3625
4	3655 3634
4	3655 3669
4	3659 3634
4	3659 3659
4	4998 4998
4	3669 3634
4	3669 3655
4	4083 4083
4	3738 3714
4	3742 3714
4	4022 4022
4	3778 3778
4	688 688
4	633 522
4	719 390
4	726 808
4	732 762
4	762 732
4	762 762
4	774 692
4	774 805
4	805 774
4	808 726
4	845 845
4	4129 4129
4	871 871
4	904 904
4	913 913
4	941 941
4	943 943
4	952 952
4	965 965
4	999 999
4	1000 1000
4	596 522
4	592 522
4	4922 4908
4	1065 1065
4	4872 4872
4	589 589
4	589 522
5	3586 3586
5	3542 3542
5	1660 1660
5	3541 3541
5	4077 4081
5	1140 1140
5	1141 1078
5	3516 3516
5	4679 4679
5	4877 4877
5	1467 1467
5	4585 4557
5	4585 4537
5	131 131
5	2280 2193
5	3457 3457
5	3455 3455
5	3435 2797
5	1337 1345
5	1146 1078
5	4537 4596
5	4537 4585
5	1635 1586
5	1628 1628
5	3103 3041
5	3103 3051
5	3103 3103
5	3103 3108
5	4234 4234
5	3117 3120
5	4234 4035
5	938 938
5	2053 2017
5	574 598
5	1603 1603
5	1603 1584
5	1340 1337
5	3145 3145
5	3145 3185
5	3148 3209
5	4578 4589
5	3160 3160
5	3160 3170
5	3160 3182
5	125 125
5	598 574
5	958 958
5	3170 3160
5	122 160
5	1586 1635
5	1586 1586
5	1584 1603
5	1584 1586
5	3182 3160
5	3971 4176
5	1513 1360
5	3185 3145
5	3185 3209
5	1513 1513
5	3187 3187
5	962 962
5	2017 2019
5	1295 1298
5	1295 1295
5	972 2797
5	2017 2029
5	1513 1524
5	2301 2210
5	2301 2243
5	3209 3148
5	3209 3185
5	2292 2157
5	1520 3306
5	2292 2291
5	2292 2310
5	3232 3232
5	3232 3254
5	1524 1513
5	3254 3232
5	2017 2032
5	2218 2218
5	2498 2498
5	582 582
5	4532 4596
5	2061 2017
5	3298 3298
5	1821 1821
5	1571 1571
5	3306 1520
5	4695 4695
5	4741 4741
5	2214 2210
5	1545 1586
5	1545 1545
5	284 285
5	284 292
5	285 284
5	3326 3326
5	292 284
5	2214 2193
5	4205 4205
5	2069 2017
5	2528 2528
5	2069 4308
5	2210 2301
5	2210 2280
5	2210 2263
5	2210 2243
5	2210 2214
5	2263 2280
5	2263 2263
5	2210 2193
5	4604 4596
5	2291 2193
5	2545 1918
5	2201 2201
5	4578 4578
5	4882 4882
5	2092 2017
5	2193 2210
5	848 843
5	2572 2572
5	1342 1342
5	2291 2210
5	2096 2017
5	2172 2193
5	2172 2172
5	2157 2310
5	2157 2292
5	2155 2155
5	2151 2151
5	2151 1918
5	1337 1340
5	2649 2666
5	2666 2649
5	2666 2668
5	2666 2671
5	2668 2666
5	2668 2708
5	2263 2210
5	2017 2053
5	2671 2666
5	1918 2901
5	4350 346
5	4350 4350
5	3586 3584
5	804 675
5	2683 2683
5	1345 1337
5	2017 2061
5	1918 1917
5	555 555
5	56 56
5	4269 4269
5	4269 4081
5	160 122
5	2282 2282
5	2708 2668
5	2708 2708
5	2017 2069
5	4986 4986
5	4434 4434
5	2017 2092
5	2017 2096
5	2736 2736
5	2310 2157
5	2747 2754
5	2747 2760
5	2747 2768
5	2747 2781
5	2310 2292
5	1776 1776
5	2019 2017
5	2760 2781
5	4601 4601
5	2768 2747
5	2781 2747
5	2781 2754
5	2781 2760
5	407 398
5	1186 3731
5	2795 2795
5	2797 972
5	2797 3435
5	2802 2802
5	675 804
5	1886 1886
5	2019 2019
5	2019 4035
5	4308 4308
5	634 634
5	4308 4035
5	1134 1134
5	1360 1360
5	1360 1513
5	647 645
5	4596 4596
5	647 650
5	647 647
5	3771 3770
5	3770 3771
5	3770 3770
5	4035 4234
5	569 569
5	3942 3942
5	3770 555
5	4515 4507
5	3842 3842
5	1078 1146
5	3947 3947
5	2898 2898
5	2898 2903
5	2901 2901
5	2903 2898
5	2903 2903
5	4596 4589
5	2291 2291
5	4855 4855
5	405 398
5	1998 1990
5	1298 1295
5	2017 2024
5	569 4135
5	887 887
5	4596 4585
5	2291 2292
5	2934 2032
5	4561 4561
5	2024 2017
5	1990 1998
5	2955 2955
5	4035 4035
5	602 602
5	4135 569
5	4589 4596
5	237 237
5	4589 4578
5	1078 1141
5	4463 4463
5	1078 1140
5	3731 1186
5	4561 4557
5	2410 2410
5	3010 3010
5	4142 4142
5	4557 4596
5	3015 3015
5	11 11
5	4557 4585
5	4236 4236
5	1843 1843
5	3703 3703
5	1395 1373
5	1395 1405
5	1405 1373
5	1405 1395
5	1405 1405
5	4088 4088
5	3041 3041
5	3041 3051
5	3041 3103
5	1078 1134
5	1078 1103
5	1077 1077
5	6 21
5	2032 2032
5	3051 3041
5	4557 4561
5	4557 4557
5	1687 1687
5	3640 3640
5	4176 3971
5	1103 1078
5	2280 2263
5	2428 2428
5	21 6
5	538 555
5	3615 3615
5	1686 1686
5	1686 1660
5	4379 4379
5	4442 4443
5	2243 2243
5	6 6
5	2243 2210
5	3587 3587
5	3587 3584
5	2280 2210
5	4585 4596
5	4585 4585
5	1660 1686
5	3586 3587
6	1809 4493
6	208 208
6	4279 4279
6	4279 4202
6	2663 2637
6	2664 2637
6	2664 2664
6	1741 1744
6	1384 1493
6	3952 3952
6	4279 4182
6	4277 4001
6	4277 3973
6	4190 4207
6	4192 4192
6	4941 4941
6	1384 4401
6	2149 2149
6	208 626
6	4298 4298
6	2673 2637
6	3053 3048
6	2675 2637
6	1809 1741
6	3053 3053
6	605 605
6	3053 3057
6	2956 1139
6	2119 2119
6	1741 1741
6	3053 3073
6	3053 3082
6	4493 4508
6	1099 4260
6	1390 1382
6	1731 1662
6	1809 995
6	1390 1384
6	1804 1804
6	1804 1755
6	1729 1729
6	1727 1727
6	164 164
6	1804 1741
6	1416 1390
6	99 99
6	1064 1064
6	866 866
6	866 879
6	4001 3973
6	1416 1416
6	4527 4493
6	3638 3638
6	1784 1741
6	1390 1390
6	99 170
6	3551 3551
6	588 588
6	1777 1777
6	2257 4999
6	1139 2956
6	1390 1416
6	2724 2724
6	2734 2727
6	3593 3593
6	1353 1353
6	1852 1810
6	1233 1233
6	1233 1170
6	1830 1810
6	566 3322
6	4139 3958
6	4680 4664
6	1959 1954
6	4291 4291
6	1272 1280
6	1959 1959
6	2477 2456
6	3444 3396
6	1777 1752
6	1777 1741
6	4999 2288
6	2236 2229
6	4063 4147
6	4063 3973
6	1488 1493
6	1488 1503
6	1488 1507
6	1488 1511
6	366 366
6	3729 663
6	3973 4277
6	4538 4563
6	4493 4504
6	4491 4491
6	2456 2462
6	2456 2472
6	2456 2477
6	1643 1581
6	4999 2257
6	3973 4063
6	3973 4001
6	3724 3724
6	3999 3911
6	2027 2027
6	1099 4401
6	1391 1391
6	1771 1777
6	2412 2412
6	2456 2483
6	1615 1615
6	478 478
6	3110 3110
6	3114 3114
6	1828 1819
6	1771 1771
6	1493 1384
6	1954 1966
6	4527 4527
6	3132 3132
6	3133 995
6	1493 1488
6	1493 1493
6	1503 1488
6	170 99
6	4139 4139
6	1828 1813
6	1954 1959
6	4468 4468
6	1507 1507
6	1511 1488
6	2462 2456
6	1771 1755
6	1771 1752
6	1190 1190
6	3057 3048
6	41 1532
6	126 126
6	3057 3053
6	1183 1183
6	3911 3999
6	1828 1810
6	2231 2231
6	1771 1741
6	2469 2456
6	2472 2456
6	2472 2472
6	1511 1511
6	82 82
6	1108 1138
6	2229 2236
6	4664 4672
6	4664 4688
6	4225 4188
6	3057 3073
6	3073 3053
6	4160 4160
6	3818 3833
6	4201 535
6	104 104
6	956 956
6	4201 606
6	956 2641
6	1269 1269
6	2483 2456
6	3633 3679
6	2370 2342
6	1357 1357
6	667 1100
6	2483 2477
6	2370 2345
6	4201 4201
6	667 667
6	2370 2370
6	3366 566
6	1755 1752
6	1755 1741
6	4182 3857
6	4160 4202
6	4182 4279
6	1752 1777
6	1752 1771
6	1424 1424
6	1752 1755
6	1752 1741
6	663 3729
6	973 973
6	662 662
6	4160 4207
6	1581 1643
6	1581 1581
6	4508 4493
6	4805 671
6	4201 4309
6	4202 3958
6	3073 3057
6	4664 4664
6	4680 4680
6	4873 4941
6	984 984
6	1026 1026
6	4672 4664
6	2342 2370
6	3621 3621
6	4001 4001
6	3082 3053
6	2229 2138
6	4036 4036
6	2060 2060
6	4753 4753
6	4941 4873
6	1532 41
6	1873 1810
6	4563 4563
6	4925 4925
6	182 182
6	1532 1488
6	4202 4160
6	4202 4207
6	1533 1488
6	1535 1535
6	4204 4204
6	4020 4020
6	4019 4019
6	1138 1108
6	4188 4225
6	3345 3322
6	995 995
6	1744 1804
6	3679 3633
6	995 1809
6	995 3133
6	1573 1569
6	1573 1555
6	2138 2229
6	1569 1573
6	1569 1555
6	1819 1828
6	2504 2504
6	2264 2264
6	1744 1741
6	1280 1272
6	4493 4527
6	1741 1792
6	1741 1784
6	1819 1819
6	1819 1813
6	1558 1558
6	1819 1810
6	1555 1573
6	1555 1569
6	1555 1555
6	606 4201
6	3318 3318
6	3345 3023
6	332 332
6	566 3366
6	4207 4207
6	3322 566
6	467 467
6	1741 1780
6	4563 4538
6	1694 2641
6	2876 2876
6	1741 1777
6	1866 1810
6	4207 4160
6	3958 4202
6	3958 4139
6	1966 1954
6	4439 4439
6	2527 2527
6	2527 2622
6	3767 3761
6	3958 3958
6	3761 3767
6	3833 3818
6	1830 1830
6	879 866
6	1075 1064
6	4190 4190
6	1170 1183
6	1741 1771
6	1741 1755
6	731 756
6	4190 4202
6	63 63
6	1384 1390
6	1817 1810
6	4886 4886
6	2551 2551
6	1741 1752
6	1694 2637
6	4664 4680
6	1243 1243
6	1813 1828
6	1813 1819
6	1694 1694
6	1069 1069
6	1813 1810
6	1069 1064
6	1170 1170
6	1412 1412
6	756 731
6	1810 1866
6	1810 1863
6	1810 1852
6	606 606
6	1863 1810
6	1810 1830
6	1810 1828
6	1810 1819
6	1810 1817
6	1064 1072
6	626 208
6	626 626
6	1810 1813
6	205 205
6	1384 1416
6	1416 1384
6	583 583
6	1343 1100
6	1343 1343
6	2622 2527
6	3048 3048
6	3048 3053
6	2288 4999
6	3048 3057
6	2637 1694
6	2637 2641
6	2637 2648
6	2637 2663
6	2637 2664
6	2637 2673
6	2637 2675
6	2641 956
6	2641 1694
6	2641 2641
6	4260 4260
6	1810 1810
6	4260 1099
6	4309 4201
6	1064 1069
6	4401 1384
6	2648 2637
6	2648 2648
6	4336 4336
7	2290 2148
7	2290 2195
7	2290 2306
7	3889 3889
7	4389 4389
7	60 57
7	1333 1339
7	4316 4316
7	4314 4314
7	2306 2118
7	2306 2195
7	2306 2290
7	4314 3948
7	2315 2118
7	2315 2148
7	4314 3889
7	2335 2335
7	1945 1945
7	3889 4053
7	3889 4314
7	1945 1936
7	4763 4763
7	4974 4974
7	1941 1941
7	1941 1936
7	1938 1936
7	1915 1915
7	1894 1894
7	429 415
7	4701 4703
7	4703 4698
7	4406 4406
7	4880 4893
7	2399 2352
7	2399 2399
7	4037 4132
7	4594 4545
7	4594 4542
7	1842 1842
7	4037 4296
7	1261 1235
7	4725 4725
7	4296 4296
7	608 608
7	4296 3948
7	418 419
7	2454 2454
7	4496 4496
7	4104 4840
7	2464 2454
7	418 418
7	2484 2486
7	2484 2488
7	2484 2493
7	2486 2484
7	2486 2488
7	2486 2493
7	2488 2484
7	2488 2486
7	2488 2493
7	4285 4285
7	2493 2484
7	2493 2486
7	2493 2488
7	4285 4054
7	4283 4283
7	4720 4720
7	4495 4495
7	4132 4132
7	2538 2538
7	4053 3948
7	4054 4285
7	2597 2597
7	2634 2634
7	4132 4037
7	2647 2647
7	2647 2709
7	4274 4274
7	4274 4266
7	2674 2674
7	211 211
7	211 4494
7	9 9
7	2702 2702
7	2709 2647
7	227 227
7	2720 2692
7	2720 2720
7	4703 4701
7	4267 4274
7	1207 1164
7	1207 1163
7	874 876
7	4893 4880
7	4669 4669
7	4573 4573
7	4569 4569
7	4569 4545
7	4267 4267
7	876 870
7	876 874
7	876 876
7	2846 2846
7	4267 4266
7	3811 3856
7	1180 1180
7	2869 2869
7	235 4104
7	4266 4274
7	3948 3948
7	3948 4053
7	4266 4267
7	418 417
7	2927 2927
7	418 415
7	417 419
7	4263 3953
7	2158 2118
7	417 418
7	2942 3337
7	417 415
7	415 435
7	1740 1740
7	38 38
7	138 138
7	4880 2269
7	1714 1709
7	4104 235
7	1709 1714
7	4474 4440
7	1164 1207
7	1164 1164
7	1164 1163
7	4238 4132
7	1163 1207
7	1163 1164
7	576 3575
7	3050 3050
7	88 88
7	3060 3097
7	4440 4474
7	4677 4677
7	4677 4686
7	1668 1668
7	3953 4263
7	1661 1661
7	1661 1421
7	280 300
7	3081 3081
7	3081 3097
7	4545 4594
7	4545 4569
7	4545 4545
7	1651 1648
7	1648 1651
7	4545 4542
7	4542 4594
7	4542 4545
7	4542 4542
7	1648 1648
7	3097 3060
7	3097 3081
7	1625 1625
7	3115 3115
7	3124 3961
7	936 936
7	939 939
7	1106 1150
7	601 601
7	601 576
7	3141 3141
7	3141 4835
7	3146 3146
7	3146 3155
7	3146 4835
7	65 65
7	280 311
7	415 429
7	3155 3146
7	3155 4835
7	415 419
7	124 124
7	1585 1585
7	576 601
7	1150 1128
7	74 74
7	1150 1127
7	977 977
7	982 982
7	1579 1610
7	3224 4835
7	987 1021
7	987 1047
7	3233 3233
7	3237 3260
7	1579 1567
7	4219 4219
7	4212 4212
7	3260 3237
7	3260 3260
7	3287 3287
7	3287 3292
7	3292 3287
7	4686 4677
7	1567 1561
7	483 483
7	1150 1106
7	1561 1567
7	1561 1561
7	3312 3317
7	3312 3333
7	3312 3334
7	1150 1084
7	3317 3312
7	576 4104
7	14 14
7	3333 3312
7	3333 3334
7	3334 3312
7	3334 3333
7	3337 2942
7	4104 4494
7	3961 3961
7	1538 1538
7	1527 1527
7	300 280
7	4698 4701
7	300 4494
7	1489 1489
7	1128 1150
7	311 280
7	526 526
7	1472 1472
7	1472 1470
7	1472 1468
7	1470 1472
7	1468 1472
7	4104 576
7	1453 1453
7	3489 3489
7	4118 4118
7	3492 3501
7	3494 3494
7	3501 3492
7	3501 3566
7	3994 3994
7	3536 3536
7	1016 1016
7	1445 1445
7	3566 3501
7	1445 1431
7	3574 3574
7	3575 576
7	1445 1421
7	1445 1418
7	3585 3589
7	3585 3604
7	3589 3585
7	3589 3594
7	3589 3604
7	3594 3585
7	3594 3589
7	1439 1431
7	4949 4949
7	3604 3585
7	3604 3589
7	415 418
7	3613 3613
7	3613 3649
7	1431 1439
7	1021 987
7	1022 1667
7	3631 3631
7	3631 3649
7	3631 3667
7	1047 987
7	1418 1445
7	3856 3811
7	4506 4506
7	3649 3613
7	3649 3631
7	3649 3667
7	3653 3653
7	1127 1150
7	1073 1073
7	23 23
7	4698 4703
7	3667 3631
7	3667 3649
7	415 417
7	4701 4698
7	4132 4296
7	4132 4238
7	643 643
7	4835 3224
7	4835 3155
7	638 4389
7	638 987
7	666 666
7	2118 2269
7	2118 2276
7	2118 2233
7	2118 2224
7	2118 2216
7	2118 2205
7	2133 2118
7	2133 2158
7	2133 2195
7	4374 4374
7	4374 4329
7	2118 2195
7	2118 2189
7	2118 2158
7	2118 2154
7	2118 2152
7	2118 2148
7	57 60
7	2148 2118
7	2148 2158
7	2148 2290
7	2148 2315
7	2152 2118
7	2152 2152
7	2154 2118
7	2154 2158
7	2154 2189
7	2154 2195
7	2154 2205
7	2154 2216
7	2154 2224
7	2154 2290
7	2118 2133
7	2116 2109
7	2158 2133
7	2158 2148
7	2158 2154
7	2158 2189
7	2158 2195
7	2158 2216
7	2158 2290
7	2116 2093
7	2112 2112
7	1084 1150
7	2109 2116
7	2109 2093
7	2093 2116
7	1085 1085
7	2189 2118
7	2189 2154
7	2189 2158
7	2189 2195
7	2189 2205
7	2189 2216
7	2189 2224
7	2093 2109
7	2195 2118
7	2195 2133
7	2195 2189
7	2195 2195
7	2195 2205
7	2195 2216
7	2195 2269
7	2205 2118
7	2205 2154
7	2205 2189
7	2205 2195
7	2205 2216
7	2205 2224
7	2205 2269
7	2065 2065
7	2216 2118
7	2216 2189
7	2216 2195
7	2216 2205
7	2216 2216
7	2216 2269
7	2224 2118
7	2224 2154
7	2224 2189
7	2224 2205
7	2224 2216
7	419 418
7	2233 2118
7	1341 1333
7	419 417
7	4389 638
7	4326 4326
7	2269 2118
7	2269 2195
7	2269 2205
7	2269 2216
7	2269 2315
7	2269 4880
7	419 415
7	1339 1333
7	2276 2118
7	2276 2276
7	2287 2118
7	2287 2287
7	1333 1341
7	2290 2118
8	1422 1430
8	597 554
8	2271 2140
8	2271 2190
8	2271 2230
8	3062 3040
8	1115 1087
8	1036 934
8	1036 1036
8	3803 3798
8	1044 934
8	1422 1422
8	3055 3062
8	4175 4175
8	2271 2241
8	4172 4058
8	1049 934
8	3055 3043
8	3055 3040
8	2271 2271
8	3054 3086
8	3054 3064
8	1056 934
8	3054 3062
8	3054 3040
8	3049 3040
8	3643 3614
8	4904 4871
8	909 3281
8	2540 2534
8	2540 2501
8	909 909
8	2537 2501
8	2535 2501
8	2534 2540
8	3652 3663
8	2534 2524
8	2534 2501
8	134 134
8	134 2680
8	2533 2501
8	3043 3086
8	2524 2534
8	4707 4707
8	3661 3661
8	2271 2278
8	1410 1450
8	1410 1447
8	4340 4340
8	2524 2501
8	3043 3062
8	3043 3043
8	1410 1430
8	1410 1422
8	2522 2501
8	1410 1410
8	1410 1402
8	3674 3614
8	3043 3040
8	1410 1364
8	3845 3845
8	3040 3099
8	3845 3798
8	3040 3088
8	4871 4895
8	394 394
8	554 554
8	3040 3086
8	3040 3069
8	3040 3064
8	3040 3062
8	3694 3694
8	3040 3055
8	3040 3054
8	3040 3049
8	554 572
8	3040 3043
8	3040 3040
8	1698 3281
8	1700 1707
8	2271 2279
8	1705 1705
8	1705 1956
8	1705 2698
8	1707 1718
8	4245 4245
8	4246 4197
8	134 4185
8	4246 4218
8	4137 4137
8	3734 1689
8	3736 3736
8	4246 4222
8	4246 4247
8	2983 2983
8	2981 2981
8	4247 4246
8	1718 1707
8	4673 4670
8	1165 1165
8	2940 2940
8	2273 2203
8	572 597
8	4058 4172
8	2899 2899
8	4058 4058
8	2887 2861
8	2887 2843
8	2886 2886
8	2273 2273
8	2886 2884
8	2886 2843
8	2884 2843
8	2861 2887
8	2861 2843
8	2857 2857
8	2857 2843
8	3785 3786
8	3785 3792
8	3832 3798
8	2857 2059
8	2855 2843
8	1364 1364
8	2855 2680
8	2849 2843
8	737 760
8	562 562
8	2333 2333
8	4831 4824
8	4565 4565
8	4670 4673
8	4824 4831
8	4813 3496
8	2501 2635
8	2496 2104
8	2843 2861
8	2843 2857
8	4799 4788
8	2843 2855
8	4788 4799
8	659 659
8	660 660
8	660 1689
8	2843 2849
8	2843 2843
8	664 664
8	1087 1087
8	4670 4670
8	2820 2030
8	1761 1761
8	1356 1356
8	2813 2813
8	107 107
8	677 677
8	677 773
8	3791 3792
8	3792 3791
8	4666 4666
8	3819 3798
8	4665 4665
8	3814 3798
8	149 115
8	4983 4987
8	554 597
8	2698 1705
8	2694 2238
8	1137 1137
8	4270 4206
8	2220 2121
8	618 618
8	2680 2855
8	1956 1705
8	2121 2220
8	4983 4984
8	1307 1307
8	2278 2140
8	690 690
8	1824 1824
8	2059 2857
8	2059 2059
8	2491 2491
8	2680 2680
8	1826 1826
8	2140 2240
8	2140 2241
8	2140 2271
8	2140 2278
8	2140 2279
8	691 660
8	691 691
8	2230 2271
8	4425 4425
8	4340 1450
8	4612 4612
8	4612 4550
8	4871 4876
8	2278 2241
8	2278 2271
8	3814 3803
8	2680 134
8	856 853
8	3906 3906
8	433 433
8	2237 2237
8	2240 2140
8	4270 4270
8	4871 4904
8	2643 2643
8	2240 2241
8	2241 2140
8	2241 2190
8	2241 2240
8	2241 2271
8	2241 2278
8	2241 2279
8	4421 4421
8	1840 1826
8	3798 3845
8	2635 2501
8	4612 4544
8	169 134
8	2633 2501
8	2632 2501
8	2037 2037
8	2278 2279
8	1840 1840
8	2279 2140
8	1840 3234
8	2279 2241
8	3798 3837
8	2030 2820
8	1849 1849
8	4206 4206
8	3341 3327
8	4206 4222
8	3327 3341
8	299 287
8	998 998
8	991 934
8	822 822
8	2620 2501
8	1543 1536
8	2616 2501
8	1536 1543
8	597 572
8	3281 1698
8	3281 909
8	3266 3264
8	3264 3266
8	4533 4544
8	3245 3245
8	2615 2501
8	3234 1840
8	1095 1095
8	3803 3814
8	4221 4221
8	4222 4206
8	597 597
8	4222 4222
8	597 4224
8	960 1665
8	960 960
8	4222 4246
8	3165 3153
8	4224 597
8	3153 3165
8	944 944
8	1107 1107
8	934 1050
8	180 180
8	934 1049
8	934 1044
8	1604 1604
8	1876 1876
8	3099 3069
8	4895 4871
8	934 1036
8	806 777
8	2104 2496
8	934 1029
8	934 1023
8	4197 4246
8	934 1013
8	2104 2104
8	934 1012
8	3400 3400
8	4197 4197
8	934 1006
8	934 1003
8	2613 2501
8	534 534
8	3422 3430
8	1003 934
8	934 998
8	3430 3422
8	3430 3430
8	934 991
8	4544 4533
8	3437 3437
8	4705 4707
8	344 344
8	2606 3437
8	4544 4544
8	2606 2501
8	4871 4916
8	2606 1811
8	4068 4068
8	4544 4550
8	4544 4612
8	4550 4544
8	2279 2271
8	4987 4987
8	118 118
8	4484 4484
8	2181 2181
8	1006 934
8	1899 1899
8	2574 2501
8	1450 4340
8	1450 1447
8	4871 4921
8	1911 1914
8	3496 4813
8	1450 1430
8	4550 4612
8	1914 1911
8	1095 944
8	4876 4871
8	427 433
8	1450 1422
8	3088 3099
8	1450 1410
8	3088 3088
8	3088 3086
8	33 33
8	3088 3064
8	3088 3062
8	3088 3040
8	3086 3088
8	1450 1402
8	1447 4410
8	1447 1450
8	1447 1430
8	1447 1422
8	1012 934
8	1013 934
8	3086 3062
8	1447 1410
8	1447 1402
8	3558 3456
8	3558 3558
8	1447 1364
8	3798 3832
8	2190 2199
8	2190 2241
8	2190 2271
8	3798 3819
8	4034 4034
8	1281 1281
8	4916 4871
8	1956 1956
8	1960 1960
8	3086 3054
8	3086 3043
8	3086 3040
8	1665 960
8	1665 1665
8	4673 4673
8	1983 1983
8	3798 3814
8	1087 1115
8	3069 3099
8	4707 4705
8	2087 2075
8	2562 2501
8	2075 2087
8	2199 2190
8	1816 1816
8	3069 3069
8	3069 3064
8	3069 3040
8	934 968
8	934 960
8	934 944
8	842 842
8	3064 3099
8	2203 2203
8	2203 2273
8	3614 3643
8	3614 3674
8	3064 3088
8	3064 3069
8	3064 3064
8	4185 134
8	2540 2540
8	3064 3062
8	4003 4003
8	3064 3054
8	1430 1422
8	3798 3803
8	773 677
8	1023 934
8	3064 3040
8	3062 3088
8	1430 1402
8	1029 1029
8	3062 3086
8	1430 1364
8	115 115
8	3062 3064
8	3062 3055
8	3062 3054
9	2455 2466
9	3 3
9	24 24
9	81 451
9	121 121
9	121 2505
9	130 130
9	150 120
9	150 150
9	168 1688
9	168 2678
9	168 2713
9	189 189
9	195 195
9	213 189
9	254 250
9	288 288
9	310 310
9	328 328
9	336 336
9	336 340
9	336 357
9	336 360
9	336 377
9	336 391
9	340 340
9	357 336
9	377 336
9	391 336
9	397 336
9	411 411
9	426 436
9	436 426
9	451 81
9	537 560
9	537 621
9	541 541
9	560 537
9	560 541
9	560 565
9	560 587
9	565 560
9	565 565
9	587 560
9	591 591
9	621 537
9	646 649
9	649 649
9	655 646
9	655 649
9	684 674
9	693 693
9	751 751
9	776 670
9	878 878
9	906 906
9	950 950
9	950 989
9	961 961
9	989 950
9	1038 1038
9	1051 1051
9	1093 1093
9	1113 1113
9	1153 1153
9	1156 1113
9	1156 1156
9	1156 1161
9	1156 1169
9	1156 1182
9	1156 1188
9	1156 1201
9	1156 1211
9	1156 1215
9	1156 1225
9	1161 1156
9	1169 1156
9	1169 1169
9	1182 1156
9	1188 1156
9	1188 1188
9	1201 1156
9	1201 4498
9	1201 4516
9	1211 1156
9	1211 1215
9	1215 1156
9	1215 1211
9	1215 1215
9	1225 1156
9	1349 1352
9	1349 1355
9	1352 1349
9	1352 1355
9	1352 1399
9	1352 1429
9	1355 1349
9	1355 1352
9	1355 1355
9	1355 1399
9	1355 1429
9	1393 1393
9	1393 4455
9	1399 1352
9	1399 1355
9	1399 1429
9	1401 1401
9	1429 1429
9	1454 1383
9	1454 1454
9	1568 1594
9	1592 1594
9	1594 1592
9	1594 1594
9	1594 1602
9	1602 1594
9	1607 1607
9	1637 1637
9	1637 4254
9	1657 1688
9	1688 168
9	1688 2713
9	1708 1657
9	1708 1724
9	1716 1657
9	1716 1716
9	1717 1657
9	1724 1657
9	1724 1708
9	1749 1766
9	1766 1749
9	1766 1786
9	1766 1801
9	1778 1800
9	1786 1766
9	1788 1788
9	1800 1778
9	1801 1766
9	1855 1855
9	1920 1919
9	1975 1962
9	1975 1975
9	1988 1988
9	2003 2003
9	2044 2044
9	2050 2050
9	2052 2083
9	2070 2070
9	2083 2052
9	2083 2083
9	2164 2164
9	2170 2170
9	2253 2253
9	2268 2268
9	2270 2270
9	2294 2294
9	2297 2297
9	2339 2338
9	2339 2339
9	2339 2366
9	2348 2350
9	2350 2397
9	2365 2350
9	2365 2397
9	2366 2339
9	2378 2378
9	2397 2350
9	2397 2365
9	2397 2377
9	2397 2397
9	2397 2401
9	2401 2397
9	2455 2478
9	2466 2455
9	2478 2455
9	2492 2492
9	2502 2544
9	2505 121
9	2514 2514
9	2514 4264
9	2518 2518
9	2544 2502
9	2547 2547
9	2580 2580
9	2589 2589
9	2610 2610
9	2651 2651
9	2670 2700
9	2682 2678
9	2688 1688
9	2688 2678
9	2700 2670
9	2700 2678
9	2717 2678
9	2719 2670
9	2719 2678
9	2719 2719
9	2798 2798
9	2829 2829
9	2864 2864
9	2864 3937
9	2871 2880
9	2880 2871
9	2974 2974
9	2977 2977
9	2992 2992
9	3006 3006
9	3006 4048
9	3018 3018
9	3018 3028
9	3028 3018
9	3037 2531
9	3068 3068
9	3080 3083
9	3152 3152
9	3152 3171
9	3171 3152
9	3325 3325
9	3325 3329
9	3325 3344
9	3329 3325
9	3344 3325
9	3344 3357
9	3344 3379
9	3357 3344
9	3379 3344
9	3394 3394
9	3397 3394
9	3397 3397
9	3397 3410
9	3410 3397
9	3483 3483
9	3500 3500
9	3506 3506
9	3548 3548
9	3596 3596
9	3612 3612
9	3627 3627
9	3627 3628
9	3628 3627
9	3628 3628
9	3628 3660
9	3660 3628
9	3660 3660
9	3805 3805
9	3806 3806
9	3881 3881
9	3884 3884
9	3884 3979
9	3884 4072
9	3913 3913
9	3923 3923
9	3926 3926
9	3926 4254
9	3937 2864
9	3937 3937
9	3957 3977
9	3957 4108
9	3968 3968
9	3968 4254
9	3974 3974
9	3974 3995
9	3974 3998
9	3974 4016
9	3974 4164
9	3977 3957
9	3977 3977
9	3977 4105
9	3977 4108
9	3979 3884
9	3979 3979
9	3993 3993
9	3998 3974
9	3998 4016
9	4016 3974
9	4016 3995
9	4016 3998
9	4048 3006
9	4048 4048
9	4072 3884
9	4072 4072
9	4079 4079
9	4105 3977
9	4108 3957
9	4108 3977
9	4116 4116
9	4141 4141
9	4164 4164
9	4189 4189
9	4226 4228
9	4228 4226
9	4254 1637
9	4254 3926
9	4254 3968
9	4264 4264
9	4264 4289
9	4265 1113
9	4289 3968
9	4289 4264
9	4320 4254
9	4335 4335
9	4339 4402
9	4339 4461
9	4360 1750
9	4393 4395
9	4395 4393
9	4402 4339
9	4402 4460
9	4424 4435
9	4424 4436
9	4424 4438
9	4435 4424
9	4435 4436
9	4435 4438
9	4436 4424
9	4436 4435
9	4436 4438
9	4438 4424
9	4438 4435
9	4438 4436
9	4455 1393
9	4455 4455
9	4460 4402
9	4460 4460
9	4461 4339
9	4461 4461
9	4473 4473
9	4498 4498
9	4571 4571
9	4572 4583
9	4579 4579
9	4583 4572
9	4583 4583
9	4597 4608
9	4608 4597
9	4623 4633
9	4632 4632
9	4633 4623
9	4636 4623
9	4636 4640
9	4640 4623
9	4640 4632
9	4640 4636
9	4710 4700
9	4889 4889
9	4889 4919
9	4919 4889
9	4948 4948
9	4959 4959
9	4995 4995
10	3964 3964
10	3951 4023
10	3933 3933
10	3930 3930
10	3927 4240
10	3918 4146
10	3918 3918
10	3905 4257
10	4942 4951
10	3905 4127
10	3855 3830
10	3830 3855
10	3769 3769
10	3745 3712
10	3712 3745
10	3641 3641
10	3641 3637
10	3641 3626
10	3637 3630
10	3637 3626
10	3630 3637
10	3626 3641
10	3626 3637
10	3305 3305
10	3296 3290
10	3290 3296
10	3263 3240
10	3240 3240
10	3178 3169
10	3175 4843
10	3175 4839
10	3175 4827
10	3175 4822
10	3169 3178
10	3096 3094
10	3096 3092
10	3096 3089
10	3096 3066
10	3096 3065
10	3096 3052
10	3095 3092
10	3094 3096
10	3094 3092
10	3093 3092
10	3093 3089
10	3093 3066
10	3092 3096
10	3092 3095
10	3092 3094
10	3092 3093
10	3092 3092
10	3092 3089
10	3092 3087
10	3092 3066
10	3092 3065
10	3089 3096
10	3089 3093
10	3089 3092
10	4549 4549
10	4549 4575
10	3089 3066
10	3089 3065
10	3089 3052
10	3087 3092
10	3066 3096
10	3066 3093
10	3066 3092
10	4554 4546
10	4554 4554
10	4554 4593
10	3066 3089
10	3065 3096
10	3065 3092
10	3065 3089
10	3052 3096
10	3052 3089
10	3052 3052
10	3025 3025
10	3013 3013
10	3013 2939
10	3004 3004
10	2996 2996
10	2939 3013
10	2872 2848
10	2853 2848
10	2848 2872
10	2848 2853
10	2848 2848
10	2839 2832
10	2832 2839
10	2830 2830
10	4942 4954
10	0 32
10	2825 2825
10	2762 2762
10	2706 2706
10	4575 4549
10	4575 4584
10	2697 2697
10	2686 2686
10	2591 2591
10	2568 2568
10	2563 2563
10	2554 2554
10	2481 2481
10	39 0
10	4951 4942
10	4954 4954
10	4584 4575
10	2452 2406
10	2445 2406
10	2444 2444
10	2444 2406
10	2444 1237
10	2438 2406
10	2431 2406
10	2413 2413
10	2413 2406
10	2408 2408
10	2408 2406
10	2406 2438
10	2406 2431
10	2406 2413
10	2406 2408
10	2406 2406
10	2403 2356
10	2403 2334
10	2395 2395
10	2384 2356
10	32 92
10	2356 2403
10	2356 2384
10	2334 2403
10	2319 2217
10	2319 2144
10	2298 2197
10	2289 2156
10	2289 2144
10	2249 2249
10	2217 2192
10	2204 338
10	4606 4593
10	4606 4606
10	2197 2197
10	2192 2217
10	0 8
10	2179 2179
10	2156 2217
10	2156 2144
10	2145 1787
10	2144 2319
10	2144 2289
10	4617 891
10	4617 4627
10	32 90
10	2144 2156
10	2113 2046
10	4627 4617
10	2048 2048
10	32 0
10	8 72
10	2046 2113
10	8 46
10	4977 4942
10	1982 1973
10	4978 4942
10	8 0
10	5 5
10	4642 4617
10	4642 4642
10	1928 1928
10	1908 1895
10	1907 1895
10	1902 1902
10	1902 1895
10	1897 1897
10	1897 1895
10	4662 4662
10	1874 1874
10	1825 1825
10	1814 52
10	1769 1757
10	1769 1748
10	1767 1757
10	1757 1769
10	1757 1767
10	1757 1748
10	1748 1769
10	1748 1757
10	1730 1676
10	1679 1679
10	1676 1730
10	1676 1676
10	1658 1658
10	1654 1559
10	1580 1580
10	1580 1559
10	1576 1566
10	1576 1559
10	1574 1574
10	1566 1559
10	1559 1654
10	1559 1580
10	1559 1559
10	1544 1544
10	1501 1501
10	1411 1411
10	1392 1392
10	1278 1278
10	1277 1277
10	1237 2444
10	1172 1172
10	1144 1096
10	1096 1144
10	1076 338
10	1005 1005
10	5 0
10	1002 1002
10	976 976
10	942 942
10	891 4617
10	849 839
10	841 847
10	841 841
10	841 839
10	839 849
10	839 847
10	839 841
10	834 656
10	824 656
10	824 370
10	816 656
10	797 797
10	789 768
10	789 656
10	768 789
10	768 768
10	768 753
10	768 656
10	766 725
10	766 656
10	4772 4772
10	763 656
10	740 656
10	730 656
10	725 766
10	725 656
10	715 656
10	689 656
10	656 816
10	4793 4796
10	656 797
10	4796 4793
10	656 789
10	656 768
10	656 766
10	656 763
10	656 753
10	656 740
10	4822 3175
10	656 730
10	4827 3175
10	656 725
10	656 715
10	656 714
10	656 689
10	656 665
10	4839 3175
10	648 648
10	624 624
10	617 590
10	4843 3175
10	612 612
10	590 617
10	468 2554
10	468 468
10	464 464
10	434 420
10	420 434
10	420 420
10	392 392
10	350 338
10	338 2204
10	338 1076
10	338 350
10	337 337
10	335 326
10	330 330
10	326 330
10	326 326
10	238 1369
10	196 196
10	177 177
10	176 176
10	166 166
10	0 46
10	0 39
10	146 146
10	129 129
10	4896 4896
10	92 32
10	92 0
10	90 32
10	90 0
10	84 337
10	84 0
10	4910 4910
10	72 8
10	0 5
10	72 0
10	70 0
10	52 1814
10	4441 4441
10	52 52
10	52 0
10	51 0
10	48 0
10	46 8
10	46 0
10	4408 4405
10	4405 4408
10	4359 4331
10	4337 4337
10	4331 4359
10	4331 4331
10	4297 4297
10	4257 3905
10	4256 4256
10	39 39
10	4240 3927
10	4181 4181
10	4127 3905
10	4095 4095
10	4074 4074
10	4060 4060
10	4059 4059
10	4023 3965
10	4023 3951
10	3987 3987
10	3983 3983
10	3980 3980
10	3965 4023
